32,0,0,0,1,0,0,0,0,163604,0,0,0,0,0,0,0,0,0,0,0,1,0,0,0,14,0,0,0,1,0,0,0,0,0,0,0,0,0,0,0,1,0,0,0,0,0,1,0,0,0,0,0,0,0,1,0,0,0,20
60,0,0,0,0,1,0,0,0,171315,0,0,0,0,0,0,0,0,0,0,1,0,0,0,0,9,0,0,0,0,0,0,0,0,1,0,0,0,0,0,0,0,0,0,0,0,0,1,0,0,0,0,0,0,0,1,1,0,0,40
40,0,0,0,1,0,0,0,0,189666,0,0,0,0,0,0,0,0,0,0,1,0,0,0,0,9,0,1,0,0,0,0,0,0,0,0,0,0,0,1,0,0,0,0,0,0,0,0,0,0,0,0,0,0,0,1,1,0,0,45
27,0,0,0,1,0,0,0,0,188171,0,0,0,0,0,0,0,0,0,0,0,0,0,0,0,6,0,0,0,1,0,0,1,0,0,0,0,0,0,0,0,0,0,0,0,0,0,0,0,1,0,0,0,0,0,1,1,0,0,60
40,0,0,0,1,0,0,0,0,360884,0,0,0,0,0,0,0,0,0,0,0,0,0,0,1,10,0,0,0,1,0,0,0,0,0,0,0,0,0,0,0,0,0,0,1,0,0,1,0,0,0,0,0,0,0,1,0,0,0,50
42,0,0,0,1,0,0,0,0,356934,0,0,0,0,0,0,0,0,0,0,0,1,0,0,0,14,0,1,0,0,0,0,0,0,0,1,0,0,0,0,0,0,0,0,0,0,0,0,0,0,0,0,0,0,0,1,1,0,0,40
37,0,0,0,1,0,0,0,0,107737,0,0,0,0,0,0,0,0,1,0,0,0,0,0,0,13,0,1,0,0,0,0,0,0,0,0,0,0,0,0,0,1,0,0,0,0,0,0,0,0,0,0,0,0,0,1,1,0,0,55
34,0,0,0,0,0,1,0,0,313729,0,0,0,0,0,0,0,0,0,0,0,0,0,0,1,10,0,1,0,0,0,0,0,0,0,0,1,0,0,0,0,0,0,0,0,0,0,0,0,0,0,0,0,0,0,1,1,0,0,50
30,0,0,0,1,0,0,0,0,337494,0,0,0,0,0,0,1,0,0,0,0,0,0,0,0,12,0,0,0,1,0,0,0,0,0,0,0,0,1,0,0,0,0,0,0,0,0,1,0,0,0,0,0,0,0,1,1,0,0,48
35,0,0,0,1,0,0,0,0,194591,0,0,0,0,0,0,0,0,0,0,0,0,0,0,1,10,0,1,0,0,0,0,0,0,0,0,0,0,0,0,0,0,0,0,1,0,0,0,0,0,0,0,0,0,0,1,1,0,0,40
36,0,0,0,1,0,0,0,0,171676,0,0,0,0,0,0,0,0,1,0,0,0,0,0,0,13,0,0,0,1,0,0,0,0,0,0,0,0,0,0,0,0,0,1,0,0,0,1,0,0,0,0,0,0,0,1,0,0,1741,40
55,0,0,0,0,0,1,0,0,157486,0,0,0,0,0,0,0,0,0,0,0,1,0,0,0,14,0,1,0,0,0,0,0,0,0,0,0,0,0,0,0,1,0,0,0,0,0,0,0,0,0,0,0,0,0,1,1,7298,0,40
31,0,0,0,0,0,0,1,0,33308,0,0,0,0,0,0,0,1,0,0,0,0,0,0,0,11,0,1,0,0,0,0,0,0,1,0,0,0,0,0,0,0,0,0,0,0,0,0,0,0,0,0,0,0,0,1,1,0,0,40
28,0,0,0,1,0,0,0,0,198813,0,0,0,0,0,0,0,0,0,0,1,0,0,0,0,9,0,0,0,1,0,0,0,0,0,0,0,1,0,0,0,0,0,0,0,0,0,0,0,1,0,0,0,1,0,0,0,0,0,40
25,0,0,0,1,0,0,0,0,174592,0,0,0,0,0,0,0,0,0,0,1,0,0,0,0,9,0,0,0,1,0,0,0,0,0,0,0,0,0,1,0,0,0,0,0,0,0,0,0,1,0,0,0,0,0,1,0,0,0,25
23,0,0,0,0,1,0,0,0,306868,0,0,0,0,0,0,0,0,1,0,0,0,0,0,0,13,0,0,0,1,0,0,0,0,0,0,1,0,0,0,0,0,0,0,0,0,0,1,0,0,0,0,0,0,0,1,1,0,0,40
44,0,0,0,1,0,0,0,0,147206,0,0,0,0,0,0,0,0,0,0,0,0,0,0,1,10,0,1,0,0,0,0,0,0,1,0,0,0,0,0,0,0,0,0,0,0,0,0,0,0,0,0,0,0,0,1,1,7688,0,45
45,0,0,0,0,1,0,0,0,32356,0,0,0,0,0,0,0,0,1,0,0,0,0,0,0,13,0,1,0,0,0,0,0,0,0,1,0,0,0,0,0,0,0,0,0,0,0,0,0,0,0,0,0,0,0,1,1,0,0,51
34,0,1,0,0,0,0,0,0,243867,1,0,0,0,0,0,0,0,0,0,0,0,0,0,0,7,0,0,0,0,1,0,0,0,0,0,0,0,1,0,0,0,0,0,0,0,0,1,0,0,0,0,0,1,0,0,1,0,0,40
23,0,1,0,0,0,0,0,0,177265,0,0,0,0,0,0,0,0,0,0,1,0,0,0,0,9,0,0,0,1,0,0,0,0,0,0,0,0,0,1,0,0,0,0,0,0,0,0,0,1,0,0,0,0,0,1,0,0,0,45
18,0,0,0,1,0,0,0,0,137646,1,0,0,0,0,0,0,0,0,0,0,0,0,0,0,7,0,0,0,1,0,0,0,0,0,0,0,0,0,1,0,0,0,0,0,0,0,0,0,1,0,0,0,0,0,1,0,0,0,15
45,0,0,0,1,0,0,0,0,339506,0,0,0,0,0,0,0,0,0,0,1,0,0,0,0,9,0,0,0,1,0,0,0,0,0,0,0,0,0,0,0,0,0,1,0,0,0,1,0,0,0,0,0,1,0,0,1,0,0,40
23,0,0,0,1,0,0,0,0,137214,0,0,0,0,0,0,0,0,0,0,1,0,0,0,0,9,0,1,0,0,0,0,0,0,0,0,0,0,0,0,0,0,0,1,0,0,0,0,0,0,0,0,0,1,0,0,1,0,0,37
80,0,0,0,1,0,0,0,0,173488,0,0,0,0,0,0,0,0,0,0,0,0,0,0,1,10,0,0,0,0,0,1,1,0,0,0,0,0,0,0,0,0,0,0,0,0,0,1,0,0,0,0,0,0,0,1,0,0,0,20
37,0,0,0,1,0,0,0,0,167735,0,0,0,0,0,0,0,1,0,0,0,0,0,0,0,11,0,1,0,0,0,0,0,0,1,0,0,0,0,0,0,0,0,0,0,0,0,0,0,0,0,0,0,0,0,1,1,0,1887,40
51,0,0,0,0,1,0,0,0,180195,0,0,0,0,0,0,0,0,0,0,1,0,0,0,0,9,0,1,0,0,0,0,0,0,0,0,0,0,0,0,0,0,0,1,0,0,0,0,0,0,0,0,0,0,0,1,1,0,0,50
33,0,0,0,1,0,0,0,0,119913,0,0,0,0,0,0,0,1,0,0,0,0,0,0,0,11,0,1,0,0,0,0,0,0,0,0,0,0,0,0,0,1,0,0,0,0,0,0,0,0,0,0,0,0,0,1,1,0,0,40
40,0,0,0,1,0,0,0,0,382499,0,0,0,0,0,0,0,0,0,0,1,0,0,0,0,9,0,0,0,0,0,0,1,0,0,0,0,0,0,0,0,0,0,0,0,0,0,0,0,0,1,0,0,0,0,1,0,0,0,50
25,0,0,0,1,0,0,0,0,229287,0,0,0,0,0,0,0,0,1,0,0,0,0,0,0,13,0,0,0,1,0,0,0,0,0,1,0,0,0,0,0,0,0,0,0,0,0,0,1,0,0,0,0,0,0,1,0,0,0,25
58,0,1,0,0,0,0,0,0,310085,0,0,0,0,0,0,0,0,0,0,0,0,0,0,0,6,0,1,0,0,0,0,0,0,0,0,0,0,0,0,0,0,0,0,0,1,0,0,0,0,0,0,0,0,0,1,1,0,0,40
27,0,1,0,0,0,0,0,0,206125,0,0,0,0,0,0,0,0,0,0,0,0,0,0,0,6,0,1,0,0,0,0,0,0,1,0,0,0,0,0,0,0,0,0,0,0,0,0,0,0,0,0,0,0,0,1,1,0,0,60
32,0,0,0,1,0,0,0,0,48520,0,0,0,0,0,0,0,0,0,0,0,0,0,0,1,10,0,1,0,0,0,0,0,0,1,0,0,0,0,0,0,0,0,0,0,0,0,0,0,0,0,0,0,0,0,1,1,0,0,40
48,0,0,0,0,0,0,1,0,130561,0,0,0,0,0,0,0,0,0,0,0,0,0,0,1,10,0,0,0,1,0,0,0,0,0,0,0,0,0,0,0,1,0,0,0,0,0,1,0,0,0,0,0,1,0,0,0,0,0,24
62,0,0,0,0,0,1,0,0,224520,0,0,0,0,0,0,0,0,0,0,1,0,0,0,0,9,0,1,0,0,0,0,0,0,0,0,0,0,0,0,0,0,0,1,0,0,0,0,0,0,0,0,0,0,0,1,1,0,0,90
41,0,0,0,1,0,0,0,0,23646,0,0,0,0,0,0,0,0,0,0,0,1,0,0,0,14,0,0,0,1,0,0,0,0,0,0,0,0,0,0,0,1,0,0,0,0,0,1,0,0,0,0,0,0,0,1,0,0,0,40
58,0,0,0,0,1,0,0,0,258883,0,0,0,0,0,0,0,0,1,0,0,0,0,0,0,13,0,1,0,0,0,0,0,0,0,0,0,0,0,0,0,1,0,0,0,0,0,0,0,0,0,0,0,0,0,1,1,0,0,60
38,0,0,0,1,0,0,0,0,186959,0,0,0,0,0,0,0,0,1,0,0,0,0,0,0,13,0,1,0,0,0,0,0,0,0,0,0,0,0,0,0,1,0,0,0,0,0,0,0,0,0,0,0,0,0,1,1,0,0,50
45,0,1,0,0,0,0,0,0,160187,0,0,0,0,0,0,0,0,0,0,1,0,0,0,0,9,0,0,1,0,0,0,1,0,0,0,0,0,0,0,0,0,0,0,0,0,0,0,0,0,1,0,0,1,0,0,0,0,0,40
45,0,0,0,1,0,0,0,0,182313,0,0,0,0,0,0,0,0,1,0,0,0,0,0,0,13,0,1,0,0,0,0,0,0,0,1,0,0,0,0,0,0,0,0,0,0,0,0,0,0,0,0,0,0,0,1,1,7688,0,50
27,0,1,0,0,0,0,0,0,66824,0,0,0,0,0,0,0,0,1,0,0,0,0,0,0,13,0,0,0,1,0,0,0,0,0,0,0,0,0,0,0,1,0,0,0,0,0,1,0,0,0,0,0,0,0,0,0,3325,0,43
53,0,0,0,1,0,0,0,0,165745,0,0,0,0,0,0,0,0,0,0,1,0,0,0,0,9,0,1,0,0,0,0,0,0,1,0,0,0,0,0,0,0,0,0,0,0,0,0,0,0,0,0,0,0,0,1,1,0,0,40
47,0,0,0,1,0,0,0,0,358465,0,0,0,0,0,0,0,0,0,0,0,0,0,0,1,10,0,0,0,0,0,0,1,0,0,0,0,0,0,0,0,0,0,0,0,0,0,1,0,0,0,0,0,0,0,1,0,0,0,40
26,0,0,0,1,0,0,0,0,137678,0,0,0,0,0,0,0,0,0,0,1,0,0,0,0,9,0,0,0,1,0,0,0,0,0,0,0,0,0,1,0,0,0,0,0,0,0,1,0,0,0,0,0,0,0,1,1,0,0,40
58,0,1,0,0,0,0,0,0,160586,0,0,0,0,0,0,0,0,0,0,1,0,0,0,0,9,0,1,0,0,0,0,0,0,0,0,1,0,0,0,0,0,0,0,0,0,0,0,0,0,0,0,0,0,0,1,1,0,0,40
53,0,0,0,0,0,1,0,0,33304,0,0,0,0,0,0,0,0,0,0,0,0,0,1,0,15,0,1,0,0,0,0,0,0,0,0,0,0,0,0,0,1,0,0,0,0,0,0,0,0,0,0,0,0,0,1,1,0,0,38
54,0,0,0,0,0,0,1,0,137065,0,0,0,0,0,0,0,0,0,1,0,0,0,0,0,16,0,0,0,1,0,0,0,0,0,1,0,0,0,0,0,0,0,0,0,0,0,1,0,0,0,0,0,0,0,1,0,0,0,40
48,0,0,0,0,1,0,0,0,191277,0,0,0,0,0,0,0,1,0,0,0,0,0,0,0,11,0,1,0,0,0,0,0,0,0,1,0,0,0,0,0,0,0,0,0,0,0,0,0,0,0,0,0,0,0,1,1,0,0,50
31,0,0,0,1,0,0,0,0,264864,0,0,0,0,0,0,0,0,0,0,1,0,0,0,0,9,0,1,0,0,0,0,0,0,0,0,0,0,1,0,0,0,0,0,0,0,0,0,0,0,0,1,0,0,0,0,0,0,0,40
24,0,0,0,1,0,0,0,0,254293,0,0,0,0,0,0,0,0,1,0,0,0,0,0,0,13,0,0,0,1,0,0,0,0,0,1,0,0,0,0,0,0,0,0,0,0,0,1,0,0,0,0,0,0,0,1,1,2174,0,45
41,0,0,0,1,0,0,0,0,154194,0,0,0,0,0,0,0,0,0,0,1,0,0,0,0,9,0,0,0,1,0,0,0,0,0,0,0,0,0,0,0,0,0,1,0,0,0,0,0,1,0,0,0,0,0,1,0,0,0,40
52,0,0,0,1,0,0,0,0,193116,0,0,0,0,0,0,0,0,0,0,0,0,0,0,0,6,0,1,0,0,0,0,0,0,0,0,0,0,0,0,0,0,0,0,0,1,0,0,0,0,0,0,0,0,0,1,1,0,0,45
27,0,1,0,0,0,0,0,0,92431,0,0,0,0,0,0,0,0,0,0,0,0,0,0,1,10,0,0,0,1,0,0,0,0,0,0,0,0,0,0,0,0,1,0,0,0,0,1,0,0,0,0,0,0,0,1,1,0,2231,40
66,0,0,0,1,0,0,0,0,196674,0,0,0,0,0,0,0,0,1,0,0,0,0,0,0,13,0,1,0,0,0,0,0,0,0,0,0,0,0,0,0,0,0,1,0,0,0,0,0,0,0,0,0,0,0,1,1,0,0,15
20,0,0,0,1,0,0,0,0,197752,0,0,0,0,0,0,0,0,0,0,0,0,0,0,1,10,0,0,0,1,0,0,0,0,1,0,0,0,0,0,0,0,0,0,0,0,0,0,0,0,1,0,0,0,0,1,1,0,0,40
29,0,0,0,1,0,0,0,0,267989,0,0,0,0,0,0,0,0,0,0,1,0,0,0,0,9,0,1,0,0,0,0,0,0,1,0,0,0,0,0,0,0,0,0,0,0,0,0,0,0,0,0,0,0,0,1,1,0,0,45
41,0,0,0,1,0,0,0,0,160785,0,0,0,0,0,0,0,1,0,0,0,0,0,0,0,11,0,1,0,0,0,0,0,0,0,1,0,0,0,0,0,0,0,0,0,0,0,0,0,0,0,0,0,0,0,1,1,0,0,40
29,0,0,0,1,0,0,0,0,142555,0,0,0,0,0,0,0,0,0,0,0,1,0,0,0,14,0,0,0,1,0,0,0,0,0,0,0,0,0,0,0,1,0,0,0,0,0,1,0,0,0,0,0,1,0,0,1,0,0,42
47,0,0,0,1,0,0,0,0,436770,0,0,0,0,0,0,0,1,0,0,0,0,0,0,0,11,0,0,0,1,0,0,0,0,0,0,0,0,0,0,0,1,0,0,0,0,0,1,0,0,0,0,0,0,0,1,0,0,0,40
39,0,0,0,1,0,0,0,0,33487,1,0,0,0,0,0,0,0,0,0,0,0,0,0,0,7,0,1,0,0,0,0,0,0,0,0,0,0,1,0,0,0,0,0,0,0,0,0,0,0,0,0,0,0,0,1,1,0,0,40
60,0,0,0,1,0,0,0,0,199085,0,0,0,0,0,0,0,0,0,0,0,0,0,0,0,6,0,1,0,0,0,0,0,0,0,0,0,0,1,0,0,0,0,0,0,0,0,0,0,0,0,0,0,0,0,1,1,0,0,40
34,0,0,0,0,1,0,0,0,23778,0,0,0,0,0,0,0,0,1,0,0,0,0,0,0,13,0,0,0,0,0,0,0,0,0,1,0,0,0,0,0,0,0,0,0,0,0,1,0,0,0,0,0,0,0,1,1,0,0,50
19,0,0,0,1,0,0,0,0,418176,0,0,0,0,0,0,0,0,0,0,1,0,0,0,0,9,0,0,0,1,0,0,0,0,0,1,0,0,0,0,0,0,0,0,0,0,0,1,0,0,0,0,0,1,0,0,1,0,0,32
33,0,0,0,0,0,1,0,0,108438,0,0,0,0,0,0,0,0,0,0,1,0,0,0,0,9,0,1,0,0,0,0,0,0,1,0,0,0,0,0,0,0,0,0,0,0,0,0,0,0,0,0,0,0,0,1,1,0,0,40
62,0,0,0,1,0,0,0,0,254534,0,0,0,0,0,0,0,0,0,0,0,0,0,0,1,10,0,1,0,0,0,0,0,0,0,0,0,0,0,0,0,0,0,1,0,0,0,0,0,0,0,0,0,0,0,1,1,0,0,40
41,0,0,0,1,0,0,0,0,171234,0,0,0,0,0,0,0,0,0,0,0,0,0,0,1,10,0,0,0,0,0,0,1,0,0,0,0,0,0,0,0,0,0,0,0,0,0,1,0,0,0,0,0,0,0,1,0,0,0,55
30,0,0,0,1,0,0,0,0,186346,0,0,0,0,0,0,0,0,1,0,0,0,0,0,0,13,0,0,0,1,0,0,0,0,0,1,0,0,0,0,0,0,0,0,0,0,0,1,0,0,0,0,0,0,0,1,0,0,0,50
38,0,0,0,1,0,0,0,0,168680,0,0,0,0,0,0,0,0,0,0,0,0,0,0,1,10,0,0,0,1,0,0,1,0,0,0,0,0,0,0,0,0,0,0,0,0,0,0,0,1,0,0,0,1,0,0,0,0,0,40
54,1,0,0,0,0,0,0,0,439608,0,0,0,0,0,0,0,0,0,0,0,0,0,0,1,10,0,0,0,0,0,0,1,0,0,0,0,0,0,0,0,0,0,0,0,0,0,1,0,0,0,0,0,0,0,1,0,0,0,40
43,0,0,0,1,0,0,0,0,221172,0,0,0,0,0,0,0,0,1,0,0,0,0,0,0,13,0,0,0,0,0,0,0,0,0,1,0,0,0,0,0,0,0,0,0,0,0,1,0,0,0,0,0,0,0,1,1,0,0,35
32,0,0,0,1,0,0,0,0,32732,0,0,0,0,0,0,0,0,0,0,1,0,0,0,0,9,0,1,0,0,0,0,0,0,0,0,0,0,0,0,0,1,0,0,0,0,0,0,0,0,0,0,0,0,0,1,1,0,0,50
19,0,0,0,1,0,0,0,0,183589,0,0,0,0,0,0,0,0,0,0,0,0,0,0,1,10,0,0,0,1,0,0,0,0,0,0,0,0,0,0,0,0,0,0,0,1,0,0,0,1,0,0,0,0,0,1,1,0,0,25
33,0,0,0,1,0,0,0,0,170336,0,0,0,0,0,0,0,0,0,0,1,0,0,0,0,9,0,1,0,0,0,0,1,0,0,0,0,0,0,0,0,0,0,0,0,0,0,0,0,0,0,1,0,0,1,0,0,0,0,19
50,0,1,0,0,0,0,0,0,212685,0,0,0,0,0,0,0,0,0,0,1,0,0,0,0,9,0,1,0,0,0,0,0,0,0,0,0,0,0,1,0,0,0,0,0,0,0,0,0,0,0,0,0,1,0,0,1,0,0,40
25,0,0,0,1,0,0,0,0,90291,0,0,0,0,0,0,0,0,1,0,0,0,0,0,0,13,0,0,0,1,0,0,0,0,0,1,0,0,0,0,0,0,0,0,0,0,0,0,0,1,0,0,0,0,0,1,1,0,0,40
41,0,0,0,1,0,0,0,0,103980,0,0,0,0,0,0,0,0,0,0,0,0,0,0,1,10,0,1,0,0,0,0,0,0,0,0,0,0,0,0,0,1,0,0,0,0,0,0,0,0,0,0,0,0,0,1,1,0,0,52
49,0,0,0,1,0,0,0,0,170165,0,0,0,0,0,0,0,0,0,0,1,0,0,0,0,9,0,0,0,0,0,0,0,0,0,0,0,0,1,0,0,0,0,0,0,0,0,0,1,0,0,0,0,0,0,1,0,0,0,55
43,0,0,0,1,0,0,0,0,413297,0,0,0,0,0,0,0,0,0,0,1,0,0,0,0,9,0,1,0,0,0,0,0,0,1,0,0,0,0,0,0,0,0,0,0,0,0,0,0,0,0,0,0,0,0,1,1,0,0,45
31,0,0,0,1,0,0,0,0,159187,0,0,0,0,0,0,0,0,0,0,1,0,0,0,0,9,0,0,0,0,0,0,0,0,0,0,0,0,0,0,0,0,0,0,0,1,0,0,0,1,0,0,0,0,0,1,1,0,0,40
22,0,0,0,1,0,0,0,0,145964,0,0,0,0,0,0,0,0,1,0,0,0,0,0,0,13,0,0,0,1,0,0,0,0,0,0,0,0,0,0,0,0,0,1,0,0,0,0,0,1,0,0,0,0,0,1,1,0,0,40
40,0,0,0,1,0,0,0,0,270147,0,0,0,0,0,0,0,0,0,0,0,1,0,0,0,14,0,0,0,1,0,0,0,0,0,1,0,0,0,0,0,0,0,0,0,0,0,1,0,0,0,0,0,0,0,1,0,0,0,40
39,0,0,0,1,0,0,0,0,84954,0,0,0,0,0,0,0,0,0,0,0,0,0,0,1,10,0,1,0,0,0,0,0,0,0,0,0,0,0,0,0,0,0,1,0,0,0,0,0,0,0,0,0,0,0,1,1,2829,0,65
32,0,0,0,1,0,0,0,0,269182,0,0,0,0,0,0,0,0,0,0,0,0,0,0,1,10,0,0,0,0,1,0,0,0,0,0,0,0,0,0,0,0,0,0,1,0,0,0,0,0,1,0,0,1,0,0,0,3887,0,40
33,0,0,0,1,0,0,0,0,391114,0,0,0,0,0,0,0,0,0,0,1,0,0,0,0,9,0,0,0,1,0,0,0,0,0,0,0,1,0,0,0,0,0,0,0,0,0,0,0,1,0,0,0,0,0,1,1,0,0,40
36,0,0,0,1,0,0,0,0,220511,0,0,0,0,0,0,0,0,0,0,0,0,0,0,1,10,0,1,0,0,0,0,0,0,1,0,0,0,0,0,0,0,0,0,0,0,0,0,0,0,0,0,0,0,0,1,1,0,0,40
29,0,0,0,1,0,0,0,0,535978,0,0,0,0,0,0,0,0,0,0,0,0,0,0,1,10,0,1,0,0,0,0,0,0,1,0,0,0,0,0,0,0,0,0,0,0,0,0,0,0,0,0,0,0,0,1,1,0,0,45
38,0,0,0,1,0,0,0,0,219137,0,0,0,0,0,0,0,0,0,0,1,0,0,0,0,9,0,1,0,0,0,0,1,0,0,0,0,0,0,0,0,0,0,0,0,0,0,0,0,0,0,1,0,0,0,1,0,0,0,22
23,0,0,0,1,0,0,0,0,214120,0,0,0,0,0,0,0,0,0,0,1,0,0,0,0,9,0,0,0,1,0,0,0,0,0,0,0,0,0,0,1,0,0,0,0,0,0,0,0,1,0,0,0,0,0,1,1,0,0,40
36,0,0,0,0,0,1,0,0,285020,0,0,0,0,0,0,0,0,0,0,1,0,0,0,0,9,0,1,0,0,0,0,0,0,1,0,0,0,0,0,0,0,0,0,0,0,0,0,0,0,0,0,0,0,0,1,1,2885,0,40
52,0,0,0,1,0,0,0,0,119111,0,0,0,0,0,0,0,0,0,0,1,0,0,0,0,9,0,1,0,0,0,0,0,0,0,0,0,0,1,0,0,0,0,0,0,0,0,0,0,0,0,0,0,0,0,1,1,0,0,40
43,0,0,0,1,0,0,0,0,295510,0,0,0,0,0,0,0,0,0,0,1,0,0,0,0,9,0,1,0,0,0,0,0,0,0,1,0,0,0,0,0,0,0,0,0,0,0,0,0,0,0,0,0,0,0,1,1,0,0,45
50,0,0,0,1,0,0,0,0,302372,0,0,0,0,0,0,0,0,1,0,0,0,0,0,0,13,0,1,0,0,0,0,0,0,0,0,0,0,0,0,0,1,0,0,0,0,0,0,0,0,0,0,0,0,0,1,1,0,0,40
41,0,0,0,1,0,0,0,0,310255,0,0,0,0,0,0,0,0,0,0,1,0,0,0,0,9,0,1,0,0,0,0,0,0,0,0,0,0,0,0,0,0,0,1,0,0,0,0,0,0,0,0,0,0,0,1,1,0,0,40
47,0,0,0,1,0,0,0,0,264052,0,0,0,0,0,0,0,0,0,0,0,0,0,0,1,10,0,1,0,0,0,0,0,0,0,0,0,0,0,0,0,1,0,0,0,0,0,0,0,0,0,0,0,0,0,1,1,0,0,50
49,0,0,0,0,0,1,0,0,219718,0,0,0,0,0,0,0,0,1,0,0,0,0,0,0,13,0,1,0,0,0,0,0,0,0,0,0,0,0,0,0,0,0,1,0,0,0,0,0,0,0,0,0,0,0,1,1,15024,0,40
48,1,0,0,0,0,0,0,0,326048,0,0,0,0,0,0,0,0,1,0,0,0,0,0,0,13,0,1,0,0,0,0,0,0,0,0,0,0,0,0,0,1,0,0,0,0,0,0,0,0,0,0,0,0,0,1,1,0,0,44
58,0,0,0,1,0,0,0,0,225603,0,0,0,0,0,1,0,0,0,0,0,0,0,0,0,5,0,0,0,0,0,0,0,0,0,0,1,0,0,0,0,0,0,0,0,0,0,1,0,0,0,0,0,1,0,0,1,0,0,40
33,0,0,0,1,0,0,0,0,31573,0,0,0,0,0,0,0,0,0,0,1,0,0,0,0,9,0,1,0,0,0,0,0,0,0,0,0,0,1,0,0,0,0,0,0,0,0,0,0,0,0,0,0,0,0,1,1,0,0,40
57,0,0,0,1,0,0,0,0,342906,0,0,0,0,0,1,0,0,0,0,0,0,0,0,0,5,0,1,0,0,0,0,0,0,0,0,0,0,0,0,0,0,0,1,0,0,0,0,0,0,0,0,0,1,0,0,1,0,0,55
29,0,0,0,1,0,0,0,0,169683,0,0,0,0,0,0,0,1,0,0,0,0,0,0,0,11,0,1,0,0,0,0,0,0,0,0,0,0,0,0,0,1,0,0,0,0,0,0,0,0,0,0,0,0,0,1,1,0,0,40
54,0,0,0,1,0,0,0,0,285854,0,0,0,0,0,0,0,0,0,0,1,0,0,0,0,9,0,1,0,0,0,0,0,0,0,0,0,0,0,0,0,0,0,0,0,1,0,0,0,0,0,0,0,0,0,1,1,0,0,40
68,0,1,0,0,0,0,0,0,177596,0,0,0,0,0,0,0,0,0,0,0,0,0,0,0,6,0,0,0,0,1,0,0,0,0,0,0,0,0,1,0,0,0,0,0,0,0,1,0,0,0,0,0,1,0,0,0,0,0,90
57,0,0,0,0,1,0,0,0,103948,0,0,0,0,0,0,0,0,1,0,0,0,0,0,0,13,0,0,0,0,0,0,0,0,0,0,0,0,0,0,0,1,0,0,0,0,0,1,0,0,0,0,0,0,0,1,1,0,0,80
36,0,0,0,1,0,0,0,0,35429,0,0,0,0,0,0,0,0,0,0,0,0,0,0,1,10,0,1,0,0,0,0,0,0,0,1,0,0,0,0,0,0,0,0,0,0,0,0,0,0,0,0,0,0,0,1,1,0,0,60
43,0,0,0,1,0,0,0,0,198316,0,0,0,0,0,0,0,0,0,0,0,0,0,0,1,10,0,1,0,0,0,0,0,0,1,0,0,0,0,0,0,0,0,0,0,0,0,0,0,0,0,0,0,0,0,1,1,0,0,40
21,0,0,0,1,0,0,0,0,364685,1,0,0,0,0,0,0,0,0,0,0,0,0,0,0,7,0,0,0,1,0,0,0,0,0,0,0,0,0,0,0,0,0,0,1,0,0,0,0,1,0,0,0,0,0,1,0,0,0,35
32,0,0,0,1,0,0,0,0,255424,0,0,0,0,0,0,0,0,1,0,0,0,0,0,0,13,0,1,0,0,0,0,0,0,0,0,0,0,0,0,0,0,0,1,0,0,0,0,0,0,0,0,0,0,0,1,1,0,0,60
63,0,0,0,1,0,0,0,0,213095,0,0,0,0,0,0,0,0,1,0,0,0,0,0,0,13,0,1,0,0,0,0,0,0,0,1,0,0,0,0,0,0,0,0,0,0,0,0,0,0,0,0,0,0,0,1,1,0,0,50
77,0,0,0,0,1,0,0,0,155761,0,0,0,0,0,0,0,0,0,0,0,0,0,0,1,10,0,1,0,0,0,0,0,0,0,0,0,0,0,0,0,0,0,1,0,0,0,0,0,0,0,0,0,0,0,1,1,0,0,8
34,0,0,0,1,0,0,0,0,347166,0,0,0,0,0,0,0,0,0,1,0,0,0,0,0,16,0,0,0,1,0,0,0,0,0,0,0,0,0,0,0,1,0,0,0,0,0,1,0,0,0,0,0,0,0,1,1,0,0,50
56,0,0,0,1,0,0,0,0,105363,0,0,0,0,0,0,0,0,1,0,0,0,0,0,0,13,0,1,0,0,0,0,0,0,0,1,0,0,0,0,0,0,0,0,0,0,0,0,0,0,0,0,0,0,0,1,1,4508,0,40
42,0,0,0,1,0,0,0,0,31251,0,0,0,0,0,0,0,1,0,0,0,0,0,0,0,11,0,1,0,0,0,0,0,0,0,0,0,0,0,0,0,0,0,1,0,0,0,0,0,0,0,0,0,0,0,1,1,0,0,37
51,0,0,0,1,0,0,0,0,53833,0,0,0,0,0,0,0,0,0,0,1,0,0,0,0,9,0,1,0,0,0,0,0,0,0,0,0,0,0,0,0,1,0,0,0,0,0,0,0,0,0,0,0,0,0,1,1,0,0,46
56,0,0,0,0,1,0,0,0,35723,0,0,0,0,1,0,0,0,0,0,0,0,0,0,0,4,0,1,0,0,0,0,0,0,1,0,0,0,0,0,0,0,0,0,0,0,0,0,0,0,0,0,0,0,0,1,1,0,0,50
35,0,0,0,1,0,0,0,0,61343,0,0,0,0,0,0,0,0,1,0,0,0,0,0,0,13,0,1,0,0,0,0,0,0,0,0,0,0,0,0,0,0,0,1,0,0,0,0,0,0,0,0,0,0,0,1,1,0,0,40
54,0,0,0,1,0,0,0,0,141663,0,0,0,0,0,0,0,0,0,0,1,0,0,0,0,9,0,0,0,1,0,0,0,0,0,0,0,0,0,1,0,0,0,0,0,0,0,1,0,0,0,0,0,0,0,1,1,0,0,15
33,0,0,0,1,0,0,0,0,132601,0,0,0,0,0,0,0,0,1,0,0,0,0,0,0,13,0,1,0,0,0,0,0,0,0,0,0,0,0,0,0,0,0,1,0,0,0,0,0,0,0,0,0,0,0,1,1,0,0,55
40,0,0,0,1,0,0,0,0,197919,0,0,0,0,0,0,1,0,0,0,0,0,0,0,0,12,0,0,0,0,0,0,0,0,0,0,0,0,0,0,0,0,0,1,0,0,0,0,0,0,1,0,0,0,0,1,0,0,0,40
53,1,0,0,0,0,0,0,0,266598,0,0,0,0,0,0,0,0,0,0,1,0,0,0,0,9,0,1,0,0,0,0,0,0,0,0,0,0,0,0,0,1,0,0,0,0,0,0,0,0,0,0,0,0,0,1,1,0,0,40
48,0,0,0,0,1,0,0,0,88564,0,0,0,0,0,0,0,0,0,0,0,0,0,0,1,10,0,0,0,0,0,0,0,0,0,0,1,0,0,0,0,0,0,0,0,0,0,1,0,0,0,0,0,0,0,1,1,0,0,45
47,0,0,0,1,0,0,0,0,161558,0,0,0,0,0,0,0,0,0,0,0,0,0,0,0,6,0,0,1,0,0,0,0,0,0,0,0,0,0,0,0,0,0,0,0,1,0,1,0,0,0,0,0,1,0,0,1,0,0,45
37,0,0,0,1,0,0,0,0,259846,0,0,0,0,0,0,0,1,0,0,0,0,0,0,0,11,0,1,0,0,0,0,1,0,0,0,0,0,0,0,0,0,0,0,0,0,0,0,0,0,0,0,0,0,0,1,1,3471,0,40
22,0,0,0,1,0,0,0,0,126822,0,0,0,0,0,0,0,0,1,0,0,0,0,0,0,13,0,0,0,1,0,0,1,0,0,0,0,0,0,0,0,0,0,0,0,0,0,0,0,1,0,0,0,0,0,1,0,0,0,60
17,0,0,0,1,0,0,0,0,176467,0,0,0,0,0,1,0,0,0,0,0,0,0,0,0,5,0,0,0,1,0,0,0,0,0,0,0,0,0,0,0,0,0,0,0,1,0,1,0,0,0,0,0,0,0,1,1,0,0,20
17,0,0,0,1,0,0,0,0,114798,0,0,0,0,0,0,0,0,0,0,0,0,0,0,0,6,0,0,0,1,0,0,0,0,0,0,0,0,0,1,0,0,0,0,0,0,0,0,0,1,0,0,0,0,0,1,0,0,0,20
30,0,0,0,1,0,0,0,0,258170,0,0,0,0,0,0,0,0,0,0,1,0,0,0,0,9,0,0,0,0,0,0,1,0,0,0,0,0,0,0,0,0,0,0,0,0,0,1,0,0,0,0,0,0,0,1,0,0,0,40
31,0,0,0,1,0,0,0,0,81846,0,0,0,0,0,0,0,0,0,0,1,0,0,0,0,9,0,1,0,0,0,0,1,0,0,0,0,0,0,0,0,0,0,0,0,0,0,0,0,0,0,0,1,0,0,0,1,0,0,40
53,0,0,0,0,0,1,0,0,34973,0,0,0,0,0,0,0,0,0,0,0,0,0,0,1,10,0,1,0,0,0,0,0,0,0,0,1,0,0,0,0,0,0,0,0,0,0,0,0,0,0,0,0,0,0,1,1,0,0,45
74,0,0,0,0,0,1,0,0,92298,0,0,0,0,0,0,0,0,1,0,0,0,0,0,0,13,0,1,0,0,0,0,0,0,0,1,0,0,0,0,0,0,0,0,0,0,0,0,0,0,0,0,0,0,0,1,1,0,0,10
21,0,0,0,1,0,0,0,0,184568,0,0,0,0,0,0,0,0,0,0,1,0,0,0,0,9,0,0,0,1,0,0,0,0,0,0,0,0,1,0,0,0,0,0,0,0,0,1,0,0,0,0,0,0,0,1,1,0,0,40
20,0,0,0,1,0,0,0,0,360457,0,0,0,0,0,0,0,0,0,0,0,0,0,0,1,10,0,0,0,1,0,0,0,0,0,1,0,0,0,0,0,0,0,0,0,0,0,0,0,1,0,0,0,0,0,1,0,0,0,30
68,0,0,0,1,0,0,0,0,185537,0,0,0,0,0,0,0,0,0,0,0,0,0,0,1,10,0,0,0,0,0,0,0,0,0,0,0,0,0,0,0,0,0,1,0,0,0,1,0,0,0,0,0,0,0,1,0,0,0,20
32,0,0,0,1,0,0,0,0,158416,0,0,0,0,0,0,0,0,0,0,1,0,0,0,0,9,0,0,0,0,0,0,0,0,0,0,0,0,0,0,0,0,0,1,0,0,0,1,0,0,0,0,0,0,0,1,1,0,0,50
23,0,0,0,1,0,0,0,0,393248,0,0,0,0,0,0,0,0,0,0,0,0,0,0,1,10,0,0,0,1,0,0,1,0,0,0,0,0,0,0,0,0,0,0,0,0,0,0,0,1,0,0,0,0,0,1,1,0,0,40
34,0,0,0,0,0,1,0,0,527162,0,0,0,0,0,0,0,0,0,0,0,0,0,0,1,10,0,1,0,0,0,0,0,0,0,1,0,0,0,0,0,0,0,0,0,0,0,0,0,0,0,0,0,0,0,1,1,0,0,30
36,0,0,0,1,0,0,0,0,210452,0,0,0,0,0,0,0,0,1,0,0,0,0,0,0,13,0,0,0,0,0,0,0,0,0,0,0,0,0,0,0,1,0,0,0,0,0,0,0,0,1,0,0,0,0,1,1,0,0,45
35,0,0,0,0,1,0,0,0,340110,0,0,0,0,0,0,0,0,0,0,0,0,0,0,1,10,0,1,0,0,0,0,0,0,0,0,0,0,0,0,0,0,0,1,0,0,0,0,0,0,0,0,0,0,0,1,1,0,0,50
40,0,0,0,1,0,0,0,0,183765,0,0,0,0,0,0,0,0,0,0,1,0,0,0,0,9,0,1,0,0,0,0,0,0,0,0,0,0,0,1,0,0,0,0,0,0,0,0,0,0,0,0,0,0,0,1,1,0,0,40
32,0,0,0,1,0,0,0,0,205152,0,0,0,0,0,0,0,0,1,0,0,0,0,0,0,13,0,0,0,1,0,0,0,0,1,0,0,0,0,0,0,0,0,0,0,0,0,0,0,1,0,0,0,0,0,1,1,0,0,40
51,0,1,0,0,0,0,0,0,142411,0,0,0,0,0,0,0,1,0,0,0,0,0,0,0,11,0,0,0,0,0,0,1,0,0,0,0,0,0,0,0,0,0,0,0,0,0,0,0,0,1,0,0,0,0,1,0,0,0,50
58,0,0,0,0,1,0,0,0,182062,0,0,0,0,0,0,0,0,0,1,0,0,0,0,0,16,0,1,0,0,0,0,0,0,0,0,0,0,0,0,0,1,0,0,0,0,0,0,0,0,0,0,0,0,0,1,1,0,0,24
32,0,0,0,1,0,0,0,0,216361,0,0,0,0,0,0,0,0,0,0,0,0,0,0,1,10,0,1,0,0,0,0,0,0,0,0,0,0,0,0,0,0,1,0,0,0,0,0,0,0,0,0,0,1,0,0,1,0,0,16
19,0,0,0,1,0,0,0,0,264593,0,0,0,0,0,0,0,0,0,0,0,0,0,0,1,10,0,0,0,1,0,0,0,0,0,0,0,0,0,0,0,0,0,1,0,0,0,0,1,0,0,0,0,0,0,1,1,0,0,40
51,0,0,0,1,0,0,0,0,163052,0,0,0,0,0,0,0,0,0,0,1,0,0,0,0,9,0,1,0,0,0,0,0,0,0,0,0,0,0,0,0,0,1,0,0,0,0,0,0,0,0,0,0,0,0,1,1,0,0,40
29,0,0,0,1,0,0,0,0,148431,0,0,0,0,0,0,1,0,0,0,0,0,0,0,0,12,0,1,0,0,0,0,0,0,0,0,0,0,0,0,0,0,0,1,0,0,0,0,0,0,0,1,0,0,1,0,0,7688,0,45
28,0,0,0,0,0,0,1,0,38309,0,0,0,0,0,0,0,0,1,0,0,0,0,0,0,13,0,0,0,1,0,0,0,0,0,0,0,0,0,0,0,1,0,0,0,0,0,0,0,1,0,0,0,0,0,1,1,6849,0,40
19,0,0,0,1,0,0,0,0,560804,0,0,0,0,0,0,0,0,0,0,0,0,0,0,1,10,0,0,0,1,0,0,1,0,0,0,0,0,0,0,0,0,0,0,0,0,0,0,0,1,0,0,0,0,0,1,0,0,0,30
24,0,0,0,1,0,0,0,0,206827,0,0,0,0,0,0,0,0,0,0,0,0,0,0,1,10,0,0,0,1,0,0,0,0,0,0,0,0,0,0,0,0,0,1,0,0,0,0,0,1,0,0,0,0,0,1,0,5060,0,30
24,0,0,0,1,0,0,0,0,239663,0,0,0,0,0,0,0,0,0,0,0,0,0,0,1,10,0,1,0,0,0,0,1,0,0,0,0,0,0,0,0,0,0,0,0,0,0,0,0,0,0,0,0,0,0,1,1,0,0,15
34,0,0,0,1,0,0,0,0,304030,0,0,0,0,0,0,0,0,0,0,1,0,0,0,0,9,0,1,0,0,0,0,1,0,0,0,0,0,0,0,0,0,0,0,0,0,0,0,0,0,0,0,0,1,0,0,1,0,0,40
45,0,0,0,1,0,0,0,0,178416,0,0,0,0,0,0,0,1,0,0,0,0,0,0,0,11,0,0,0,0,0,0,0,0,0,0,0,1,0,0,0,0,0,0,0,0,0,1,0,0,0,0,0,0,0,1,0,0,0,40
36,0,0,0,1,0,0,0,0,203482,0,0,0,0,0,0,1,0,0,0,0,0,0,0,0,12,0,1,0,0,0,0,0,0,0,0,0,0,0,0,0,1,0,0,0,0,0,0,0,0,0,0,0,0,0,1,1,0,0,40
21,0,0,0,0,0,0,1,0,56582,0,0,0,0,0,0,0,0,0,0,0,0,0,0,1,10,0,0,0,1,0,0,0,0,0,0,0,0,0,0,0,0,0,0,1,0,0,0,0,1,0,0,0,0,0,1,1,0,0,10
26,0,0,0,1,0,0,0,0,291586,0,0,0,0,0,0,0,0,1,0,0,0,0,0,0,13,0,0,0,1,0,0,0,0,0,0,0,0,0,0,0,0,0,0,0,1,0,0,0,1,0,0,0,0,0,1,1,0,0,20
42,0,0,0,1,0,0,0,0,163003,0,0,0,0,0,0,0,0,1,0,0,0,0,0,0,13,0,0,1,0,0,0,0,0,0,0,0,0,0,0,0,0,0,0,1,0,0,0,0,1,0,0,1,0,0,0,0,0,0,40
23,1,0,0,0,0,0,0,0,173851,0,0,0,0,0,0,0,0,0,0,1,0,0,0,0,9,0,0,0,1,0,0,0,1,0,0,0,0,0,0,0,0,0,0,0,0,0,1,0,0,0,0,0,0,0,1,1,0,0,8
49,0,0,0,0,0,1,0,0,99335,0,0,0,0,0,0,0,0,0,0,0,0,0,0,1,10,0,1,0,0,0,0,0,0,0,0,0,0,0,0,0,0,0,1,0,0,0,0,0,0,0,0,0,0,0,1,1,0,0,50
52,0,0,0,0,0,1,0,0,103794,0,0,0,0,0,0,0,1,0,0,0,0,0,0,0,11,0,0,0,0,0,0,0,0,0,0,0,0,0,0,0,1,0,0,0,0,0,1,0,0,0,0,0,0,0,1,0,0,0,35
53,0,0,0,1,0,0,0,0,31588,0,0,0,0,0,0,0,0,1,0,0,0,0,0,0,13,0,1,0,0,0,0,0,0,0,0,0,0,0,0,0,1,0,0,0,0,0,0,0,0,0,0,0,0,0,1,1,0,0,52
20,0,0,0,0,0,0,1,0,178517,0,0,0,0,0,0,0,0,0,0,0,0,0,0,1,10,0,0,0,1,0,0,0,0,0,0,1,0,0,0,0,0,0,0,0,0,0,1,0,0,0,0,0,0,0,1,1,0,0,40
25,0,0,0,1,0,0,0,0,157900,0,0,0,0,0,0,0,0,0,0,0,0,0,0,1,10,0,0,0,0,1,0,1,0,0,0,0,0,0,0,0,0,0,0,0,0,0,0,0,0,1,0,0,0,0,1,0,0,0,40
36,0,0,0,1,0,0,0,0,181322,0,0,0,0,0,0,0,0,1,0,0,0,0,0,0,13,0,0,0,0,0,0,0,0,0,1,0,0,0,0,0,0,0,0,0,0,0,1,0,0,0,0,0,0,0,1,0,0,0,45
34,0,0,0,1,0,0,0,0,115066,0,0,0,0,0,0,0,0,0,0,0,0,0,0,1,10,0,1,0,0,0,0,0,0,0,1,0,0,0,0,0,0,0,0,0,0,0,0,0,0,0,0,0,0,0,1,1,0,0,42
29,0,0,0,0,0,1,0,0,227890,0,0,0,0,0,0,0,0,1,0,0,0,0,0,0,13,0,0,0,1,0,0,0,0,0,0,0,0,0,0,0,1,0,0,0,0,0,1,0,0,0,0,0,1,0,0,1,0,0,40
32,0,0,0,1,0,0,0,0,294121,0,0,0,0,0,0,1,0,0,0,0,0,0,0,0,12,0,0,0,0,0,0,0,0,0,0,0,0,1,0,0,0,0,0,0,0,0,1,0,0,0,0,0,0,0,1,0,0,0,50
33,0,1,0,0,0,0,0,0,190027,0,0,0,0,0,0,0,0,0,0,0,0,0,0,1,10,0,0,0,1,0,0,1,0,0,0,0,0,0,0,0,0,0,0,0,0,0,0,0,0,1,0,0,1,0,0,0,0,0,18
31,0,0,0,1,0,0,0,0,43953,0,0,0,0,0,0,0,0,1,0,0,0,0,0,0,13,0,1,0,0,0,0,0,0,0,0,0,0,0,0,0,1,0,0,0,0,0,0,0,0,0,1,0,0,0,1,0,0,0,35
19,0,0,0,1,0,0,0,0,69770,0,0,0,0,0,0,0,0,0,0,0,0,0,0,1,10,0,0,0,1,0,0,0,0,0,0,0,0,0,1,0,0,0,0,0,0,0,0,0,1,0,0,0,0,0,1,1,0,0,20
20,0,0,0,1,0,0,0,0,168165,0,0,0,0,0,0,0,0,0,0,0,0,0,0,1,10,0,0,0,1,0,0,0,0,0,0,0,0,0,1,0,0,0,0,0,0,0,0,0,1,0,0,0,0,0,1,1,0,0,30
68,0,0,0,1,0,0,0,0,192829,0,0,0,0,0,0,1,0,0,0,0,0,0,0,0,12,0,0,0,0,0,0,0,0,0,1,0,0,0,0,0,0,0,0,0,0,0,1,0,0,0,0,0,0,0,1,0,0,0,43
19,0,0,0,1,0,0,0,0,162094,0,0,0,0,0,0,0,0,0,0,1,0,0,0,0,9,0,0,0,1,0,0,0,0,0,0,0,0,1,0,0,0,0,0,0,0,0,0,0,1,0,0,0,0,0,1,1,0,0,40
41,0,0,0,1,0,0,0,0,124956,0,0,0,0,0,0,0,0,1,0,0,0,0,0,0,13,0,0,0,0,0,0,0,0,0,1,0,0,0,0,0,0,0,0,0,0,0,0,0,0,1,0,0,1,0,0,0,0,0,90
52,0,0,0,0,1,0,0,0,89041,0,0,0,0,0,0,0,0,0,0,0,1,0,0,0,14,0,1,0,0,0,0,0,0,0,1,0,0,0,0,0,0,0,0,0,0,0,0,0,0,0,0,0,0,0,1,1,15024,0,60
55,0,0,0,0,1,0,0,0,209569,0,0,0,0,0,0,0,0,0,0,1,0,0,0,0,9,0,0,0,0,0,0,0,0,0,0,0,0,0,0,0,0,0,1,0,0,0,0,0,0,1,0,0,0,0,1,0,0,0,50
18,0,0,0,1,0,0,0,0,205894,1,0,0,0,0,0,0,0,0,0,0,0,0,0,0,7,0,0,0,1,0,0,0,0,0,0,0,0,0,0,0,0,0,1,0,0,0,0,0,1,0,0,0,0,0,1,1,0,0,15
19,0,0,0,1,0,0,0,0,270551,0,0,0,0,0,0,0,0,0,0,1,0,0,0,0,9,0,0,0,1,0,0,0,0,0,0,0,0,0,1,0,0,0,0,0,0,0,0,0,1,0,0,0,0,0,1,1,0,0,20
43,1,0,0,0,0,0,0,0,114537,0,0,0,0,0,0,0,0,1,0,0,0,0,0,0,13,0,1,0,0,0,0,0,0,0,0,0,0,0,0,0,1,0,0,0,0,0,0,0,0,0,0,0,0,0,1,1,0,0,40
46,0,0,0,1,0,0,0,0,187715,0,0,0,0,0,0,0,0,0,0,0,0,0,0,1,10,0,1,0,0,0,0,0,0,0,0,0,0,0,0,0,0,0,1,0,0,0,0,0,0,0,0,0,0,0,1,1,0,0,50
64,0,0,0,1,0,0,0,0,180624,0,0,0,0,0,0,1,0,0,0,0,0,0,0,0,12,0,0,0,1,0,0,0,0,0,0,0,0,0,0,0,1,0,0,0,0,0,0,1,0,0,0,0,0,0,1,0,0,0,30
24,0,1,0,0,0,0,0,0,452640,0,0,0,0,0,0,0,0,0,0,0,0,0,0,1,10,0,0,0,1,0,0,0,0,0,0,0,0,0,0,0,0,0,0,1,0,0,1,0,0,0,0,0,0,0,1,1,14344,0,50
32,0,0,0,1,0,0,0,0,151773,0,0,0,0,0,0,0,0,0,0,0,0,0,0,1,10,0,1,0,0,0,0,0,0,1,0,0,0,0,0,0,0,0,0,0,0,0,0,0,0,0,0,0,0,0,1,1,0,0,45
45,0,0,0,1,0,0,0,0,151627,0,0,0,0,0,0,0,0,0,0,0,0,0,0,1,10,0,0,0,0,0,0,1,0,0,0,0,0,0,0,0,0,0,0,0,0,0,0,0,0,1,0,0,0,0,1,0,0,0,45
33,0,0,0,1,0,0,0,0,341187,0,0,0,0,0,0,0,0,1,0,0,0,0,0,0,13,0,1,0,0,0,0,0,0,0,1,0,0,0,0,0,0,0,0,0,0,0,0,0,0,0,0,0,0,0,1,1,0,0,50
25,0,0,0,1,0,0,0,0,60485,0,0,0,0,0,0,0,0,0,0,0,0,0,0,1,10,0,0,0,1,0,0,1,0,0,0,0,0,0,0,0,0,0,0,0,0,0,0,0,1,0,0,0,0,0,1,0,0,0,30
30,0,0,0,1,0,0,0,0,26009,0,0,0,0,0,0,0,0,0,0,1,0,0,0,0,9,0,1,0,0,0,0,0,0,0,0,0,0,0,0,0,1,0,0,0,0,0,0,0,0,0,0,0,0,0,1,1,0,0,35
58,0,0,0,1,0,0,0,0,238438,0,0,0,0,0,0,0,0,0,0,0,0,0,0,1,10,0,1,0,0,0,0,0,0,0,0,0,0,0,0,0,1,0,0,0,0,0,0,0,0,0,0,0,0,0,1,1,0,0,42
47,0,1,0,0,0,0,0,0,219632,0,0,0,0,0,0,1,0,0,0,0,0,0,0,0,12,0,0,0,0,1,0,0,0,0,1,0,0,0,0,0,0,0,0,0,0,0,1,0,0,0,0,0,0,0,1,1,0,1408,40
55,0,0,0,1,0,0,0,0,254627,0,0,0,0,0,0,0,0,0,0,1,0,0,0,0,9,0,1,0,0,0,0,0,0,0,0,0,0,0,1,0,0,0,0,0,0,0,0,0,0,0,0,0,0,0,1,1,0,0,40
47,0,0,0,0,0,1,0,0,228660,0,0,0,0,0,0,0,0,0,0,0,0,0,0,1,10,0,1,0,0,0,0,0,0,1,0,0,0,0,0,0,0,0,0,0,0,0,0,0,0,0,0,0,0,0,1,1,0,1977,40
28,0,0,0,1,0,0,0,0,186720,0,0,0,0,0,0,0,0,0,0,0,0,0,0,1,10,0,0,0,1,0,0,0,0,0,0,0,0,0,1,0,0,0,0,0,0,0,0,0,1,0,0,0,0,0,1,0,0,0,50
41,0,0,0,0,1,0,0,0,32016,0,0,0,0,0,0,0,0,0,0,1,0,0,0,0,9,0,1,0,0,0,0,0,0,0,0,0,0,0,0,0,0,0,1,0,0,0,0,0,0,0,0,0,0,0,1,1,0,0,62
31,0,0,0,1,0,0,0,0,651396,0,0,0,0,0,0,0,0,0,0,1,0,0,0,0,9,0,0,0,1,0,0,0,0,0,0,0,0,0,0,0,0,0,1,0,0,0,0,0,1,0,0,0,0,0,1,0,0,1594,30
20,0,0,0,1,0,0,0,0,137974,0,0,0,0,0,0,0,0,0,0,0,0,0,0,1,10,0,0,0,1,0,0,0,0,0,0,0,0,0,1,0,0,0,0,0,0,0,0,0,1,0,0,0,0,0,1,0,0,0,30
34,0,0,0,1,0,0,0,0,183473,0,0,0,0,0,0,0,0,0,0,1,0,0,0,0,9,0,0,0,0,0,0,0,0,0,0,0,0,0,0,0,0,0,0,0,1,0,0,0,1,0,0,0,0,0,1,0,0,0,40
44,0,0,0,1,0,0,0,0,111891,0,0,0,0,0,0,0,0,0,0,0,0,0,0,1,10,0,0,0,0,1,0,0,0,0,0,0,0,0,0,0,0,0,1,0,0,0,0,1,0,0,0,0,1,0,0,0,0,0,35
40,0,0,0,1,0,0,0,0,118001,0,0,0,0,0,0,0,0,0,0,1,0,0,0,0,9,0,0,0,1,0,0,0,0,0,0,0,1,0,0,0,0,0,0,0,0,0,1,0,0,0,0,0,1,0,0,1,0,0,40
45,0,0,0,1,0,0,0,0,170600,0,0,0,0,0,0,0,1,0,0,0,0,0,0,0,11,0,0,0,0,0,0,1,0,0,0,0,0,0,0,0,0,0,0,0,0,0,0,0,0,1,0,0,1,0,0,0,0,0,40
36,0,0,0,1,0,0,0,0,189670,0,0,0,0,0,0,0,0,0,0,1,0,0,0,0,9,0,1,0,0,0,0,0,0,0,0,0,0,1,0,0,0,0,0,0,0,0,0,0,0,0,1,0,0,0,1,0,0,0,50
58,0,0,0,1,0,0,0,0,100960,0,0,0,0,0,1,0,0,0,0,0,0,0,0,0,5,0,1,0,0,0,0,0,0,0,0,0,1,0,0,0,0,0,0,0,0,0,0,0,0,0,0,0,0,0,1,1,0,0,40
56,0,0,0,0,1,0,0,0,165881,0,0,0,0,0,0,0,0,0,0,1,0,0,0,0,9,0,1,0,0,0,0,0,0,0,0,0,0,0,0,0,0,0,1,0,0,0,0,0,0,0,0,0,0,0,1,1,0,0,50
28,0,0,0,1,0,0,0,0,271936,0,0,0,0,0,0,0,0,0,0,0,0,0,0,1,10,0,0,0,1,0,0,0,0,0,1,0,0,0,0,0,0,0,0,0,0,0,1,0,0,0,0,0,0,0,1,0,0,0,35
45,0,0,0,1,0,0,0,0,203653,0,0,0,0,0,0,0,0,0,0,1,0,0,0,0,9,0,1,0,0,0,0,1,0,0,0,0,0,0,0,0,0,0,0,0,0,0,0,0,0,0,0,0,1,0,0,1,7298,0,40
56,0,0,0,1,0,0,0,0,146326,0,0,0,0,0,0,0,0,0,0,1,0,0,0,0,9,0,1,0,0,0,0,0,0,0,0,0,0,0,0,0,0,0,0,0,1,0,0,0,0,0,0,0,0,0,1,1,0,0,50
67,0,0,0,0,0,1,0,0,217892,0,0,0,0,0,0,0,0,0,1,0,0,0,0,0,16,0,1,0,0,0,0,0,0,0,0,0,0,0,0,0,1,0,0,0,0,0,0,0,0,0,0,0,0,0,1,1,10605,0,35
58,0,0,0,1,0,0,0,0,183810,0,0,0,0,0,0,0,0,0,0,0,0,0,0,1,10,0,1,0,0,0,0,0,0,0,1,0,0,0,0,0,0,0,0,0,0,0,0,0,0,0,0,0,0,0,1,1,0,0,40
24,0,0,0,1,0,0,0,0,168997,0,0,0,0,0,0,0,0,0,0,0,0,0,0,1,10,0,1,0,0,0,0,0,0,1,0,0,0,0,0,0,0,0,0,0,0,0,0,0,0,0,0,0,0,0,1,1,0,0,40
32,0,0,0,1,0,0,0,0,129020,0,0,0,0,0,0,0,0,0,0,1,0,0,0,0,9,0,1,0,0,0,0,0,0,0,1,0,0,0,0,0,0,0,0,0,0,0,0,0,0,0,0,0,0,0,1,1,0,0,40
41,0,0,0,1,0,0,0,0,187802,0,0,0,0,0,0,0,0,0,0,0,0,0,0,1,10,0,0,0,0,0,0,0,0,0,0,0,0,0,0,0,0,0,0,1,0,0,1,0,0,0,0,0,0,0,1,1,0,0,50
26,0,0,0,1,0,0,0,0,186151,0,0,0,0,0,0,0,0,0,0,1,0,0,0,0,9,0,0,0,0,1,0,0,0,0,0,0,0,0,0,0,0,0,0,1,0,0,0,0,1,0,0,0,0,0,1,0,0,0,40
50,0,0,0,1,0,0,0,0,213296,0,0,0,0,0,0,0,0,0,0,0,0,0,0,1,10,0,1,0,0,0,0,0,0,1,0,0,0,0,0,0,0,0,0,0,0,0,0,0,0,0,0,0,0,0,1,1,0,0,48
42,0,0,0,1,0,0,0,0,118652,0,0,0,0,0,0,1,0,0,0,0,0,0,0,0,12,0,1,0,0,0,0,0,0,0,0,0,0,0,0,0,0,0,0,1,0,0,0,0,0,0,0,0,0,0,1,1,0,0,40
33,0,0,0,1,0,0,0,0,216145,0,0,0,0,0,0,0,0,0,0,1,0,0,0,0,9,0,1,0,0,0,0,0,0,1,0,0,0,0,0,0,0,0,0,0,0,0,0,0,0,0,0,0,0,0,1,1,0,0,40
70,0,0,0,0,1,0,0,0,232871,0,0,0,0,0,0,0,0,0,0,0,0,0,0,1,10,0,1,0,0,0,0,0,0,0,1,0,0,0,0,0,0,0,0,0,0,0,0,0,0,0,0,0,0,0,1,1,0,0,30
60,0,0,0,0,0,1,0,0,236470,0,0,0,0,1,0,0,0,0,0,0,0,0,0,0,4,0,1,0,0,0,0,0,0,0,0,1,0,0,0,0,0,0,0,0,0,0,0,0,0,0,0,0,0,0,1,1,0,0,40
44,0,0,0,1,0,0,0,0,182616,0,0,0,0,0,0,0,1,0,0,0,0,0,0,0,11,0,1,0,0,0,0,0,0,0,0,0,0,0,0,0,0,0,0,1,0,0,0,0,0,0,0,0,0,0,1,1,0,0,40
19,0,0,0,1,0,0,0,0,166153,0,0,0,0,0,0,0,0,0,0,1,0,0,0,0,9,0,0,0,1,0,0,0,0,0,0,0,0,0,0,0,0,0,1,0,0,0,0,0,1,0,0,0,0,0,1,0,0,0,30
53,0,0,0,1,0,0,0,0,154891,0,0,0,0,0,1,0,0,0,0,0,0,0,0,0,5,0,1,0,0,0,0,0,0,0,0,0,0,0,0,0,0,0,0,0,1,0,0,0,0,0,0,0,0,0,1,1,0,0,40
31,0,0,0,1,0,0,0,0,77143,0,1,0,0,0,0,0,0,0,0,0,0,0,0,0,8,0,0,0,0,1,0,0,0,0,0,0,0,0,0,0,0,0,0,0,1,0,0,0,0,1,0,0,1,0,0,1,0,0,40
57,0,0,0,1,0,0,0,0,296152,0,0,0,0,0,0,0,0,0,0,0,0,0,0,1,10,0,0,0,0,0,0,0,0,0,1,0,0,0,0,0,0,0,0,0,0,0,0,1,0,0,0,0,0,0,1,0,594,0,10
31,0,0,0,1,0,0,0,0,137814,0,0,0,0,0,0,0,0,0,0,0,0,0,0,1,10,0,0,0,0,0,0,0,0,0,0,0,0,0,0,0,0,0,1,0,0,0,0,0,1,0,0,0,0,0,1,0,0,0,30
31,0,0,0,1,0,0,0,0,111363,0,0,0,0,0,0,0,0,1,0,0,0,0,0,0,13,0,0,0,1,0,0,0,0,0,1,0,0,0,0,0,0,0,0,0,0,0,1,0,0,0,0,0,0,0,1,1,0,0,40
30,0,0,0,1,0,0,0,0,66278,0,0,0,0,0,0,0,0,0,0,1,0,0,0,0,9,0,0,0,1,0,0,1,0,0,0,0,0,0,0,0,0,0,0,0,0,0,1,0,0,0,0,0,0,0,1,0,0,0,40
36,0,0,0,0,0,0,1,0,97136,0,0,0,0,0,0,0,0,1,0,0,0,0,0,0,13,0,0,0,1,0,0,0,0,0,0,0,0,0,0,0,1,0,0,0,0,0,0,0,0,1,0,0,1,0,0,0,0,0,40
26,0,0,0,0,0,1,0,0,253899,0,0,0,0,0,0,0,0,1,0,0,0,0,0,0,13,0,0,0,0,0,0,0,0,0,0,0,0,0,0,0,0,0,1,0,0,0,1,0,0,0,0,0,0,0,1,1,0,0,40
44,0,0,0,1,0,0,0,0,230684,0,0,0,0,0,0,0,0,1,0,0,0,0,0,0,13,0,1,0,0,0,0,0,0,0,1,0,0,0,0,0,0,0,0,0,0,0,0,0,0,0,0,0,0,0,1,1,7688,0,50
40,0,0,0,1,0,0,0,0,225823,0,0,0,0,0,0,0,0,0,0,0,0,0,0,1,10,0,0,0,0,0,0,0,0,1,0,0,0,0,0,0,0,0,0,0,0,0,1,0,0,0,0,0,0,0,1,1,0,0,60
55,1,0,0,0,0,0,0,0,88876,0,0,0,0,0,0,0,0,0,0,0,1,0,0,0,14,0,1,0,0,0,0,0,0,0,1,0,0,0,0,0,0,0,0,0,0,0,0,0,0,0,0,1,0,0,0,1,0,0,60
26,0,0,0,1,0,0,0,0,179633,0,0,0,0,0,0,0,0,0,0,1,0,0,0,0,9,0,0,0,1,0,0,0,0,0,0,0,0,0,0,0,0,0,0,1,0,0,0,1,0,0,0,0,0,0,1,1,0,0,40
23,0,1,0,0,0,0,0,0,117618,0,0,0,0,0,0,0,0,1,0,0,0,0,0,0,13,0,0,0,1,0,0,0,0,0,0,0,0,0,0,0,1,0,0,0,0,0,0,0,1,0,0,0,0,0,1,1,0,0,24
58,0,0,0,1,0,0,0,0,114495,0,0,0,0,0,0,0,0,0,0,1,0,0,0,0,9,0,1,0,0,0,0,0,0,0,1,0,0,0,0,0,0,0,0,0,0,0,0,0,0,0,0,0,0,0,1,1,0,0,40
36,1,0,0,0,0,0,0,0,112847,0,0,0,0,0,0,0,0,1,0,0,0,0,0,0,13,0,1,0,0,0,0,0,0,0,0,0,0,0,0,0,1,0,0,0,0,0,0,0,0,0,0,1,0,0,0,1,0,0,40
36,0,0,0,1,0,0,0,0,269722,0,0,0,0,0,0,0,0,1,0,0,0,0,0,0,13,0,1,0,0,0,0,0,0,0,1,0,0,0,0,0,0,0,0,0,0,0,0,0,0,0,0,0,0,0,1,1,0,0,55
45,0,0,0,1,0,0,0,0,266860,0,0,0,0,0,0,0,0,1,0,0,0,0,0,0,13,0,1,0,0,0,0,0,0,0,1,0,0,0,0,0,0,0,0,0,0,0,0,0,0,0,0,0,0,0,1,1,0,0,50
34,0,0,0,1,0,0,0,0,202450,0,0,0,0,0,0,0,0,0,0,1,0,0,0,0,9,0,1,0,0,0,0,0,0,1,0,0,0,0,0,0,0,0,0,0,0,0,0,0,0,0,0,0,0,0,1,1,0,0,55
47,0,0,0,1,0,0,0,0,101684,0,0,0,0,0,0,0,0,0,0,1,0,0,0,0,9,0,1,0,0,0,0,0,0,1,0,0,0,0,0,0,0,0,0,0,0,0,0,0,0,0,0,0,0,0,1,1,0,0,40
48,0,0,0,1,0,0,0,0,190072,0,0,0,0,0,0,0,0,0,0,0,0,0,0,1,10,0,0,0,0,0,0,0,0,0,1,0,0,0,0,0,0,0,0,0,0,0,1,0,0,0,0,0,0,0,1,1,0,0,50
45,0,0,0,0,0,1,0,0,364365,0,0,0,0,0,0,0,0,1,0,0,0,0,0,0,13,0,0,0,1,0,0,0,0,0,0,0,0,0,0,0,0,0,1,0,0,0,1,0,0,0,0,0,0,0,1,0,0,0,35
25,0,0,0,1,0,0,0,0,194352,0,0,0,0,0,0,0,0,1,0,0,0,0,0,0,13,0,0,0,0,0,0,0,0,0,0,0,0,0,0,0,1,0,0,0,0,0,1,0,0,0,0,0,0,0,1,0,0,0,44
36,0,0,0,0,0,1,0,0,36270,0,0,0,0,0,0,0,0,0,0,1,0,0,0,0,9,0,0,0,0,0,0,0,0,0,0,0,0,0,0,0,0,0,0,0,1,0,1,0,0,0,0,0,0,0,1,1,0,0,60
33,0,0,0,0,0,1,0,0,202729,0,0,0,0,0,0,0,0,1,0,0,0,0,0,0,13,0,1,0,0,0,0,0,0,1,0,0,0,0,0,0,0,0,0,0,0,0,0,0,0,0,0,0,0,0,1,1,0,0,40
22,0,0,0,1,0,0,0,0,245524,0,1,0,0,0,0,0,0,0,0,0,0,0,0,0,8,0,0,0,1,0,0,0,0,0,0,0,0,0,1,0,0,0,0,0,0,0,1,0,0,0,0,0,0,0,1,1,0,0,35
38,0,0,0,1,0,0,0,0,52596,0,0,0,0,0,0,0,0,0,0,0,0,0,0,1,10,0,0,0,1,0,0,1,0,0,0,0,0,0,0,0,0,0,0,0,0,0,0,0,1,0,0,0,1,0,0,0,0,0,40
54,1,0,0,0,0,0,0,0,127455,0,0,0,0,0,0,0,0,0,0,0,0,0,0,1,10,0,1,0,0,0,0,0,0,0,0,0,0,0,0,0,0,1,0,0,0,0,0,0,0,0,0,0,0,0,1,1,0,0,48
46,0,0,0,1,0,0,0,0,133938,0,0,0,0,0,0,0,0,0,0,0,1,0,0,0,14,0,0,0,0,0,0,0,0,0,1,0,0,0,0,0,0,0,0,0,0,0,1,0,0,0,0,0,0,0,1,0,27828,0,50
25,0,0,0,1,0,0,0,0,169990,0,0,0,0,0,0,0,0,0,0,1,0,0,0,0,9,0,1,0,0,0,0,0,0,0,0,0,0,0,0,0,0,0,1,0,0,0,0,0,0,0,0,0,0,0,1,1,0,0,40
49,0,0,0,1,0,0,0,0,277434,0,0,0,0,0,0,0,0,0,0,1,0,0,0,0,9,0,1,0,0,0,0,0,0,0,0,0,0,0,0,0,0,0,0,0,1,0,0,0,0,0,0,0,0,0,1,1,0,0,50
59,0,0,0,1,0,0,0,0,294395,0,0,0,0,0,0,0,0,0,0,0,1,0,0,0,14,0,0,0,0,0,1,0,0,0,0,0,0,0,0,0,1,0,0,0,0,0,1,0,0,0,0,0,0,0,1,0,0,0,40
25,0,0,0,1,0,0,0,0,168943,0,0,0,0,0,0,0,0,1,0,0,0,0,0,0,13,0,1,0,0,0,0,0,0,0,1,0,0,0,0,0,0,0,0,0,0,0,0,0,0,0,1,0,0,0,1,0,0,0,30
19,0,0,0,0,0,0,1,0,354104,0,0,0,0,0,0,0,0,0,0,0,0,0,0,1,10,0,0,0,1,0,0,0,0,0,0,0,0,0,0,0,1,0,0,0,0,0,0,0,1,0,0,0,0,0,1,1,0,0,10
44,0,0,0,1,0,0,0,0,157614,0,0,0,0,0,0,0,0,0,0,1,0,0,0,0,9,0,0,0,0,0,0,0,0,0,0,0,0,0,0,0,0,0,1,0,0,0,0,0,1,0,0,0,0,0,1,1,0,0,38
45,0,0,0,1,0,0,0,0,174426,0,0,0,0,0,0,0,0,0,0,1,0,0,0,0,9,0,1,0,0,0,0,0,0,1,0,0,0,0,0,0,0,0,0,0,0,0,0,0,0,0,0,0,0,0,1,1,0,0,40
32,0,0,0,1,0,0,0,0,204742,0,0,0,0,0,0,0,0,1,0,0,0,0,0,0,13,0,1,0,0,0,0,0,0,0,0,0,0,0,0,0,1,0,0,0,0,0,0,0,0,0,0,0,0,0,1,1,0,0,40
54,0,0,0,1,0,0,0,0,115284,0,0,0,0,0,0,0,0,1,0,0,0,0,0,0,13,0,0,0,0,0,0,0,0,0,1,0,0,0,0,0,0,0,0,0,0,0,0,0,0,1,0,0,0,0,1,1,0,0,45
31,0,0,0,1,0,0,0,0,120672,1,0,0,0,0,0,0,0,0,0,0,0,0,0,0,7,0,0,0,0,0,0,0,0,0,0,0,1,0,0,0,0,0,0,0,0,0,0,1,0,0,0,0,1,0,0,1,0,1721,40
22,0,0,0,1,0,0,0,0,349368,0,0,0,0,0,0,0,0,0,0,1,0,0,0,0,9,0,0,0,1,0,0,1,0,0,0,0,0,0,0,0,0,0,0,0,0,0,0,1,0,0,0,0,0,0,1,0,0,0,40
29,0,0,0,1,0,0,0,0,99369,0,0,0,0,0,0,0,0,1,0,0,0,0,0,0,13,0,0,0,1,0,0,0,0,0,0,0,0,0,0,0,1,0,0,0,0,0,1,0,0,0,0,0,0,1,0,0,0,0,50
27,0,0,0,1,0,0,0,0,284741,0,0,0,0,0,0,0,0,0,0,0,0,0,0,1,10,0,0,0,1,0,0,0,0,0,0,0,0,0,0,0,0,0,1,0,0,0,1,0,0,0,0,0,0,0,1,0,0,0,30
26,1,0,0,0,0,0,0,0,169101,0,0,0,0,0,0,0,0,0,0,0,0,0,0,1,10,0,0,0,1,0,0,0,0,0,0,0,0,0,0,0,0,0,0,1,0,0,0,0,1,0,0,0,0,0,1,0,0,0,40
44,0,1,0,0,0,0,0,0,177937,0,0,0,0,0,0,0,0,0,1,0,0,0,0,0,16,0,1,0,0,0,0,0,0,0,0,0,0,0,0,0,1,0,0,0,0,0,0,0,0,0,0,0,0,0,1,1,0,0,36
57,0,1,0,0,0,0,0,0,143910,0,0,0,0,0,0,0,0,1,0,0,0,0,0,0,13,0,0,0,0,0,0,0,0,0,1,0,0,0,0,0,0,0,0,0,0,0,1,0,0,0,0,0,0,0,1,1,0,0,40
70,0,0,0,0,0,1,0,0,150886,0,0,0,0,0,0,0,0,0,0,0,0,0,0,1,10,0,1,0,0,0,0,0,0,1,0,0,0,0,0,0,0,0,0,0,0,0,0,0,0,0,0,0,0,0,1,1,0,0,25
19,0,0,0,0,0,0,1,0,378418,0,0,0,0,0,0,0,0,0,0,1,0,0,0,0,9,0,0,0,1,0,0,0,0,0,0,0,0,0,0,0,0,0,0,1,0,0,0,0,1,0,0,0,0,0,1,0,0,0,40
23,0,0,0,1,0,0,0,0,399022,0,0,0,0,0,0,0,0,0,0,1,0,0,0,0,9,0,0,0,1,0,0,0,0,0,0,0,0,0,1,0,0,0,0,0,0,0,0,0,1,0,0,0,0,0,1,1,0,0,35
64,0,0,0,1,0,0,0,0,218490,0,0,0,0,0,0,0,0,1,0,0,0,0,0,0,13,0,0,0,0,0,0,0,0,0,1,0,0,0,0,0,0,0,0,0,0,0,1,0,0,0,0,0,0,0,1,1,27828,0,55
38,0,0,0,1,0,0,0,0,192939,0,0,0,0,0,0,0,0,0,0,1,0,0,0,0,9,0,0,0,0,0,0,0,0,1,0,0,0,0,0,0,0,0,0,0,0,0,0,0,0,1,0,0,0,0,1,1,0,0,40
30,0,0,0,1,0,0,0,0,398662,0,0,0,0,0,0,0,0,0,0,1,0,0,0,0,9,0,0,0,1,0,0,0,0,0,0,0,0,1,0,0,0,0,0,0,0,0,0,0,1,0,0,0,0,0,1,1,0,0,40
25,0,0,0,1,0,0,0,0,98283,0,0,0,0,0,0,0,0,1,0,0,0,0,0,0,13,0,0,0,1,0,0,0,0,0,0,0,0,0,0,0,1,0,0,0,0,0,0,0,1,0,0,1,0,0,0,1,0,0,40
51,0,0,0,1,0,0,0,0,146767,0,0,0,0,0,0,0,1,0,0,0,0,0,0,0,11,0,1,0,0,0,0,0,0,0,0,0,0,0,0,0,1,0,0,0,0,0,0,0,0,0,0,0,0,0,1,1,0,0,40
45,0,0,0,1,0,0,0,0,154430,0,0,0,0,0,0,0,0,1,0,0,0,0,0,0,13,0,0,0,0,0,1,0,0,0,0,0,0,0,0,0,1,0,0,0,0,0,1,0,0,0,0,0,0,0,1,0,10520,0,50
58,0,0,0,1,0,0,0,0,205896,0,0,0,0,0,0,0,0,0,0,1,0,0,0,0,9,0,0,0,0,0,0,0,0,0,0,0,0,0,0,0,0,0,1,0,0,0,0,1,0,0,0,0,0,0,1,0,0,0,40
53,0,0,0,1,0,0,0,0,157069,0,0,0,0,0,0,1,0,0,0,0,0,0,0,0,12,0,1,0,0,0,0,0,0,0,0,0,0,1,0,0,0,0,0,0,0,0,0,0,0,0,0,0,0,0,1,1,0,0,40
41,0,0,0,1,0,0,0,0,190591,0,0,0,0,0,0,0,0,0,0,1,0,0,0,0,9,0,0,0,0,1,0,0,0,0,0,0,0,0,1,0,0,0,0,0,0,0,0,0,0,1,0,0,1,0,0,0,0,0,20
23,0,0,0,1,0,0,0,0,216639,0,0,0,0,0,0,0,0,1,0,0,0,0,0,0,13,0,0,0,1,0,0,0,0,0,0,0,0,0,0,0,0,0,0,1,0,0,1,0,0,0,0,0,0,0,1,0,0,0,40
51,0,0,0,1,0,0,0,0,41806,1,0,0,0,0,0,0,0,0,0,0,0,0,0,0,7,0,1,0,0,0,0,0,0,0,0,0,0,1,0,0,0,0,0,0,0,0,0,0,0,0,0,0,0,0,1,1,0,0,40
21,0,0,0,1,0,0,0,0,319163,0,0,0,0,0,0,0,0,0,0,0,0,0,0,1,10,0,0,0,1,0,0,0,0,0,0,0,0,0,0,0,0,0,0,0,1,0,0,0,1,0,0,0,1,0,0,1,0,0,40
28,0,0,0,0,0,1,0,0,226198,0,0,0,0,0,0,0,0,0,0,1,0,0,0,0,9,0,0,0,0,0,0,0,0,0,1,0,0,0,0,0,0,0,0,0,0,0,1,0,0,0,0,0,0,0,1,0,0,0,40
52,0,0,0,1,0,0,0,0,96359,0,0,0,0,0,0,0,0,0,1,0,0,0,0,0,16,0,1,0,0,0,0,0,0,0,1,0,0,0,0,0,0,0,0,0,0,0,0,0,0,0,0,0,0,0,1,1,0,0,57
23,0,0,0,1,0,0,0,0,288771,0,0,0,0,0,0,0,0,0,0,0,0,0,0,1,10,0,0,0,1,0,0,1,0,0,0,0,0,0,0,0,0,0,0,0,0,0,1,0,0,0,0,0,0,0,1,0,0,0,30
35,0,0,0,0,0,1,0,0,195744,0,0,0,0,0,0,0,0,0,0,1,0,0,0,0,9,0,0,0,0,0,0,0,0,1,0,0,0,0,0,0,0,0,0,0,0,0,1,0,0,0,0,0,0,0,1,1,0,0,50
37,0,0,0,1,0,0,0,0,179088,0,0,0,0,0,0,0,0,0,0,0,0,0,0,1,10,0,0,0,0,0,0,1,0,0,0,0,0,0,0,0,0,0,0,0,0,0,1,0,0,0,0,0,0,0,1,0,0,0,40
39,0,0,0,0,0,1,0,0,50096,0,0,0,0,0,0,0,0,0,0,0,0,0,0,1,10,0,1,0,0,0,0,0,0,0,0,1,0,0,0,0,0,0,0,0,0,0,0,0,0,0,0,0,0,0,1,1,0,0,80
46,0,0,0,1,0,0,0,0,328669,0,0,0,0,0,0,0,1,0,0,0,0,0,0,0,11,0,1,0,0,0,0,0,0,1,0,0,0,0,0,0,0,0,0,0,0,0,0,0,0,0,0,0,0,0,1,1,0,0,42
55,0,0,0,1,0,0,0,0,37438,0,0,0,0,0,0,0,1,0,0,0,0,0,0,0,11,0,1,0,0,0,0,0,0,1,0,0,0,0,0,0,0,0,0,0,0,0,0,0,0,0,0,0,0,0,1,1,0,0,40
39,0,0,0,1,0,0,0,0,147548,0,0,0,0,0,0,0,0,0,0,1,0,0,0,0,9,0,1,0,0,0,0,0,0,1,0,0,0,0,0,0,0,0,0,0,0,0,0,0,0,0,0,0,0,0,1,1,0,0,40
28,0,0,0,1,0,0,0,0,57066,0,0,0,0,0,0,0,0,0,0,1,0,0,0,0,9,0,1,0,0,0,0,0,0,0,0,0,0,0,0,0,0,0,0,0,1,0,0,0,0,0,0,0,0,0,1,1,0,0,40
38,0,0,0,1,0,0,0,0,236391,0,0,0,0,0,0,0,0,1,0,0,0,0,0,0,13,0,1,0,0,0,0,0,0,0,1,0,0,0,0,0,0,0,0,0,0,0,0,0,0,0,0,0,0,0,1,1,7688,0,40
27,0,0,0,1,0,0,0,0,200802,0,0,0,0,0,0,0,0,0,0,0,0,0,0,1,10,0,0,0,1,0,0,0,0,0,0,0,0,0,0,0,0,0,0,1,0,0,1,0,0,0,0,0,0,0,1,0,0,0,40
54,0,0,0,1,0,0,0,0,212960,0,0,0,0,0,0,0,0,1,0,0,0,0,0,0,13,0,1,0,0,0,0,0,0,0,0,0,0,0,0,0,0,0,1,0,0,0,0,0,0,0,0,0,0,0,1,1,0,0,35
61,0,0,0,0,0,1,0,0,32423,0,0,0,0,0,0,0,0,0,0,1,0,0,0,0,9,0,1,0,0,0,0,0,0,0,0,1,0,0,0,0,0,0,0,0,0,0,0,0,0,0,1,0,0,0,1,0,22040,0,40
33,0,0,0,1,0,0,0,0,857532,0,1,0,0,0,0,0,0,0,0,0,0,0,0,0,8,0,0,0,1,0,0,0,0,0,0,0,0,0,0,0,0,1,0,0,0,0,0,0,1,0,0,0,1,0,0,1,0,0,40
20,0,0,0,1,0,0,0,0,181370,0,0,0,0,0,0,0,0,0,0,0,0,0,0,1,10,0,0,0,1,0,0,0,0,0,0,0,0,0,1,0,0,0,0,0,0,0,0,0,1,0,0,0,1,0,0,1,0,0,40
45,0,0,0,1,0,0,0,0,201865,0,0,0,0,0,0,0,0,1,0,0,0,0,0,0,13,0,0,1,0,0,0,0,0,0,1,0,0,0,0,0,0,0,0,0,0,0,0,0,0,1,0,0,0,0,1,1,0,0,40
18,0,0,0,1,0,0,0,0,115839,0,1,0,0,0,0,0,0,0,0,0,0,0,0,0,8,0,0,0,1,0,0,1,0,0,0,0,0,0,0,0,0,0,0,0,0,0,1,0,0,0,0,0,0,0,1,0,0,0,30
34,0,0,0,1,0,0,0,0,73161,0,0,0,0,0,0,0,0,0,0,1,0,0,0,0,9,0,1,0,0,0,0,0,0,0,0,0,0,0,0,0,0,0,1,0,0,0,0,0,0,0,0,0,0,0,1,1,0,0,40
20,0,0,0,0,1,0,0,0,95997,0,0,0,0,0,0,0,0,0,0,1,0,0,0,0,9,0,0,0,1,0,0,0,0,0,0,1,0,0,0,0,0,0,0,0,0,0,0,0,1,0,0,0,0,0,1,1,0,0,70
47,1,0,0,0,0,0,0,0,68493,0,0,0,0,0,0,0,0,0,0,1,0,0,0,0,9,0,1,0,0,0,0,1,0,0,0,0,0,0,0,0,0,0,0,0,0,0,0,0,0,0,0,0,1,0,0,1,0,0,40
38,0,0,0,0,0,1,0,0,403391,0,0,0,0,0,0,0,0,1,0,0,0,0,0,0,13,0,1,0,0,0,0,0,0,0,1,0,0,0,0,0,0,0,0,0,0,0,0,0,0,0,0,0,0,0,1,1,0,0,60
40,0,0,0,1,0,0,0,0,196029,0,0,0,0,0,0,0,0,0,0,1,0,0,0,0,9,0,0,0,0,0,0,0,0,0,0,0,0,0,0,0,0,0,0,0,1,0,0,0,0,1,0,0,0,0,1,1,0,0,45
40,0,0,0,1,0,0,0,0,177905,0,0,0,0,0,0,0,1,0,0,0,0,0,0,0,11,0,1,0,0,0,0,0,0,0,1,0,0,0,0,0,0,0,0,0,0,0,0,0,0,0,0,0,0,0,1,1,7688,0,44
60,0,0,0,1,0,0,0,0,188236,0,0,0,0,0,0,0,0,0,0,0,0,0,0,0,6,0,0,0,0,0,1,0,0,0,0,0,0,0,0,0,0,0,0,1,0,0,0,0,0,1,0,0,0,0,1,0,0,0,40
51,0,0,0,1,0,0,0,0,215647,0,0,0,0,0,0,0,0,0,0,1,0,0,0,0,9,0,0,0,0,0,0,0,0,0,0,0,0,0,0,0,1,0,0,0,0,0,1,0,0,0,0,0,0,0,1,0,0,0,43
59,1,0,0,0,0,0,0,0,190541,0,0,0,0,0,0,0,0,0,0,1,0,0,0,0,9,0,1,0,0,0,0,0,0,1,0,0,0,0,0,0,0,0,0,0,0,0,0,0,0,0,0,0,0,0,1,1,0,0,40
40,0,0,0,1,0,0,0,0,176602,0,0,0,0,0,0,0,0,0,0,1,0,0,0,0,9,0,0,0,0,0,0,0,0,0,0,0,0,0,1,0,0,0,0,0,0,0,1,0,0,0,0,0,1,0,0,1,0,0,40
40,0,0,0,1,0,0,0,0,162098,0,0,0,0,0,0,0,0,0,0,1,0,0,0,0,9,0,0,0,0,0,0,1,0,0,0,0,0,0,0,0,0,0,0,0,0,0,0,0,0,1,0,0,0,0,1,0,0,0,30
49,0,0,0,1,0,0,0,0,177211,0,0,0,0,0,0,0,0,1,0,0,0,0,0,0,13,0,1,0,0,0,0,0,0,0,0,0,0,0,1,0,0,0,0,0,0,0,0,0,0,0,0,0,0,0,1,1,0,0,40
48,0,0,0,1,0,0,0,0,278039,0,0,0,0,0,0,0,0,0,0,1,0,0,0,0,9,0,0,0,0,0,0,0,0,0,0,0,0,0,0,0,0,0,1,0,0,0,1,0,0,0,0,0,0,0,1,1,0,0,60
29,0,0,0,0,1,0,0,0,130856,0,0,0,0,0,0,0,0,0,0,1,0,0,0,0,9,0,1,0,0,0,0,0,0,0,1,0,0,0,0,0,0,0,0,0,0,0,0,0,0,0,0,0,0,0,1,1,0,0,45
49,0,0,0,1,0,0,0,0,296849,0,0,0,0,0,0,0,0,0,0,0,0,0,0,1,10,0,1,0,0,0,0,0,0,0,1,0,0,0,0,0,0,0,0,0,0,0,0,0,0,0,0,0,0,0,1,1,0,0,40
35,0,0,0,0,1,0,0,0,189404,0,0,0,0,0,0,0,0,0,0,0,0,0,0,1,10,0,1,0,0,0,0,0,0,0,0,0,0,0,0,0,0,0,1,0,0,0,0,0,0,0,0,0,0,0,1,1,0,1740,40
48,0,0,0,0,0,0,1,0,122066,0,0,0,0,0,0,0,0,0,0,1,0,0,0,0,9,0,1,0,0,0,0,1,0,0,0,0,0,0,0,0,0,0,0,0,0,0,0,0,0,0,0,0,0,0,1,1,0,0,35
17,0,0,0,1,0,0,0,0,41865,0,0,0,0,0,0,0,0,0,0,0,0,0,0,0,6,0,0,0,1,0,0,0,0,0,0,0,0,0,1,0,0,0,0,0,0,0,0,0,1,0,0,0,0,0,1,0,0,0,25
21,0,0,0,1,0,0,0,0,27049,0,0,0,0,0,0,0,0,0,0,0,0,0,0,1,10,0,0,0,1,0,0,1,0,0,0,0,0,0,0,0,0,0,0,0,0,0,0,0,1,0,0,0,0,0,1,0,0,0,12
24,0,0,0,1,0,0,0,0,209782,0,0,0,0,0,0,0,0,1,0,0,0,0,0,0,13,0,0,0,1,0,0,0,0,0,0,0,0,0,0,0,0,0,1,0,0,0,0,0,1,0,0,0,0,0,1,0,0,0,40
27,0,0,0,1,0,0,0,0,118230,0,0,0,0,0,0,0,0,1,0,0,0,0,0,0,13,0,0,0,1,0,0,0,0,0,1,0,0,0,0,0,0,0,0,0,0,0,0,0,1,0,0,0,0,0,1,0,0,0,40
53,0,0,0,1,0,0,0,0,49715,0,0,0,0,0,0,0,0,0,0,1,0,0,0,0,9,0,0,0,0,0,0,0,0,0,0,0,0,0,0,0,0,0,0,0,1,0,0,0,0,1,0,0,0,0,1,1,0,0,40
18,0,0,0,1,0,0,0,0,132652,1,0,0,0,0,0,0,0,0,0,0,0,0,0,0,7,0,0,0,1,0,0,0,0,0,0,0,0,0,1,0,0,0,0,0,0,0,0,0,1,0,0,0,0,0,1,1,0,0,20
26,0,0,0,1,0,0,0,0,256737,1,0,0,0,0,0,0,0,0,0,0,0,0,0,0,7,0,1,0,0,0,0,0,0,0,0,0,0,0,0,0,0,0,0,0,1,0,0,0,0,0,0,0,0,0,1,1,0,0,40
41,0,1,0,0,0,0,0,0,195897,0,0,0,0,0,0,0,0,0,0,0,1,0,0,0,14,0,1,0,0,0,0,0,0,0,0,0,0,0,0,0,1,0,0,0,0,0,0,0,0,0,0,0,0,0,1,1,0,0,60
25,1,0,0,0,0,0,0,0,27142,0,0,0,0,0,0,0,0,0,0,0,0,0,0,1,10,0,1,0,0,0,0,0,0,0,1,0,0,0,0,0,0,0,0,0,0,0,0,0,0,0,0,0,0,0,1,1,0,0,40
45,0,0,0,1,0,0,0,0,110171,0,0,0,0,0,0,0,0,0,0,1,0,0,0,0,9,0,0,0,1,0,0,0,0,0,0,0,1,0,0,0,0,0,0,0,0,0,1,0,0,0,0,0,0,0,1,1,0,0,40
18,0,0,0,1,0,0,0,0,210311,0,0,0,0,0,0,0,0,0,0,1,0,0,0,0,9,0,0,0,1,0,0,0,0,0,0,0,0,0,0,0,0,0,1,0,0,0,0,0,1,0,0,0,0,0,1,0,0,0,20
37,0,0,0,0,0,1,0,0,241306,0,0,0,0,0,0,0,0,0,0,1,0,0,0,0,9,0,0,0,0,0,0,0,0,1,0,0,0,0,0,0,0,0,0,0,0,0,1,0,0,0,0,0,0,0,1,1,0,0,40
57,0,0,0,0,0,1,0,0,192869,0,0,0,0,0,0,0,0,0,0,1,0,0,0,0,9,0,1,0,0,0,0,0,0,0,0,1,0,0,0,0,0,0,0,0,0,0,0,0,0,0,0,0,0,0,1,1,0,0,72
44,0,0,0,1,0,0,0,0,215304,0,0,0,0,0,0,0,0,1,0,0,0,0,0,0,13,0,1,0,0,0,0,0,0,0,0,0,0,0,0,0,1,0,0,0,0,0,0,0,0,0,0,0,0,0,1,1,0,0,45
27,0,0,0,1,0,0,0,0,72887,0,0,0,0,0,0,0,0,0,0,1,0,0,0,0,9,0,0,0,1,0,0,0,0,0,0,0,1,0,0,0,0,0,0,0,0,0,0,1,0,0,0,1,0,0,0,1,0,0,40
24,0,0,0,1,0,0,0,0,32732,0,0,0,0,0,0,0,0,0,0,1,0,0,0,0,9,0,1,0,0,0,0,0,0,1,0,0,0,0,0,0,0,0,0,0,0,0,0,0,0,0,0,0,0,0,1,1,0,0,50
24,0,0,0,1,0,0,0,0,293324,0,0,0,0,0,0,0,0,0,0,1,0,0,0,0,9,0,1,0,0,0,0,0,0,0,0,0,0,1,0,0,0,0,0,0,0,0,0,0,0,0,0,0,0,0,1,1,0,0,40
49,0,0,0,1,0,0,0,0,155489,0,0,0,0,0,0,0,0,0,0,0,1,0,0,0,14,0,1,0,0,0,0,0,0,0,0,0,0,0,0,0,1,0,0,0,0,0,0,0,0,0,0,0,0,0,1,1,0,0,50
46,0,0,0,1,0,0,0,0,113390,0,0,0,0,0,0,0,0,0,0,0,1,0,0,0,14,0,1,0,0,0,0,1,0,0,0,0,0,0,0,0,0,0,0,0,0,0,0,0,0,0,0,0,0,0,1,1,0,1740,60
19,0,0,0,1,0,0,0,0,192453,0,0,0,0,0,0,0,0,0,0,0,0,0,0,1,10,0,0,0,1,0,0,0,0,0,0,0,0,0,1,0,0,0,0,0,0,0,0,1,0,0,0,0,0,0,1,0,0,0,25
74,0,0,0,1,0,0,0,0,54732,0,0,0,0,0,0,0,0,0,0,0,0,0,0,1,10,0,1,0,0,0,0,0,0,0,0,0,0,0,0,0,0,0,1,0,0,0,0,0,0,0,0,0,0,0,1,1,0,0,20
31,0,0,0,1,0,0,0,0,156464,0,0,0,0,0,0,0,0,0,0,0,0,0,0,0,6,0,0,0,0,0,0,0,0,0,0,0,0,0,1,0,0,0,0,0,0,0,1,0,0,0,0,0,0,0,1,1,0,0,40
84,0,0,0,0,0,1,0,0,155057,0,0,0,0,0,0,0,0,1,0,0,0,0,0,0,13,0,1,0,0,0,0,0,0,0,0,1,0,0,0,0,0,0,0,0,0,0,0,0,0,0,0,0,0,0,1,1,0,0,20
46,0,0,0,1,0,0,0,0,206889,0,0,0,0,0,0,0,0,1,0,0,0,0,0,0,13,0,0,0,0,0,1,1,0,0,0,0,0,0,0,0,0,0,0,0,0,0,1,0,0,0,0,0,0,0,1,0,0,0,25
53,0,0,0,1,0,0,0,0,233780,0,0,0,0,0,0,0,1,0,0,0,0,0,0,0,11,0,0,0,0,0,0,1,0,0,0,0,0,0,0,0,0,0,0,0,0,0,1,0,0,0,0,0,1,0,0,0,2202,0,40
21,0,0,0,1,0,0,0,0,119474,0,0,0,0,0,0,0,0,0,0,1,0,0,0,0,9,0,0,0,1,0,0,0,0,0,0,0,0,0,1,0,0,0,0,0,0,0,0,1,0,0,0,0,0,0,1,0,0,0,40
49,0,0,0,1,0,0,0,0,31807,0,0,0,0,0,0,0,0,0,0,0,0,0,0,1,10,0,0,0,1,0,0,0,0,0,1,0,0,0,0,0,0,0,0,0,0,0,0,0,0,1,0,0,0,0,1,0,0,0,40
17,0,0,0,1,0,0,0,0,114420,1,0,0,0,0,0,0,0,0,0,0,0,0,0,0,7,0,0,0,1,0,0,0,0,0,0,0,0,0,0,0,0,0,1,0,0,0,0,0,1,0,0,0,0,0,1,0,0,0,30
20,0,0,0,1,0,0,0,0,33551,0,0,0,0,0,0,0,0,0,0,1,0,0,0,0,9,0,0,0,1,0,0,0,0,0,0,0,0,0,0,0,0,0,0,0,1,0,0,0,1,0,0,0,0,0,1,1,0,0,40
26,0,0,0,1,0,0,0,0,247455,0,0,0,0,0,0,0,0,1,0,0,0,0,0,0,13,0,1,0,0,0,0,0,0,0,0,0,0,0,0,0,0,0,1,0,0,0,0,0,0,0,1,0,0,0,1,0,5178,0,42
29,0,0,0,1,0,0,0,0,244473,0,0,0,0,0,0,0,1,0,0,0,0,0,0,0,11,0,1,0,0,0,0,0,0,0,0,0,0,0,0,0,0,0,0,1,0,0,0,0,0,0,0,0,0,0,1,1,0,2051,40
73,0,0,0,0,0,1,0,0,46514,0,0,0,0,0,0,0,0,0,0,1,0,0,0,0,9,0,1,0,0,0,0,0,0,0,0,0,0,0,0,0,0,0,1,0,0,0,0,0,0,0,1,0,0,0,1,0,0,0,25
65,0,0,0,1,0,0,0,0,107620,1,0,0,0,0,0,0,0,0,0,0,0,0,0,0,7,0,0,0,0,0,1,1,0,0,0,0,0,0,0,0,0,0,0,0,0,0,1,0,0,0,0,0,0,0,1,0,0,0,8
41,1,0,0,0,0,0,0,0,160467,0,0,0,0,0,0,0,0,0,0,0,1,0,0,0,14,0,0,0,0,0,0,0,0,0,0,0,0,0,0,0,1,0,0,0,0,0,0,0,0,1,0,0,0,0,1,0,1506,0,40
31,0,0,0,0,0,1,0,0,81030,0,0,0,0,0,0,0,0,0,1,0,0,0,0,0,16,0,1,0,0,0,0,0,0,0,0,0,0,0,0,0,1,0,0,0,0,0,0,0,0,0,0,0,0,0,1,1,0,0,40
33,0,0,0,1,0,0,0,0,176673,0,0,0,0,0,0,0,0,0,0,1,0,0,0,0,9,0,0,0,1,0,0,0,0,0,0,0,0,1,0,0,0,0,0,0,0,0,1,0,0,0,0,0,1,0,0,0,0,0,40
53,0,0,0,0,0,1,0,0,46704,0,0,0,0,0,0,0,0,0,0,0,1,0,0,0,14,0,1,0,0,0,0,0,0,0,0,0,0,0,0,0,1,0,0,0,0,0,0,0,0,0,0,0,0,0,1,1,0,0,50
38,0,1,0,0,0,0,0,0,37931,0,0,0,0,0,0,0,0,0,0,1,0,0,0,0,9,0,1,0,0,0,0,0,0,0,0,0,0,0,0,0,0,1,0,0,0,0,0,0,0,0,0,0,0,0,1,1,0,0,40
45,0,0,0,1,0,0,0,0,192835,0,0,0,0,0,0,0,0,1,0,0,0,0,0,0,13,0,1,0,0,0,0,0,0,0,1,0,0,0,0,0,0,0,0,0,0,0,0,0,0,0,0,0,0,0,1,1,0,1977,55
51,0,0,0,1,0,0,0,0,128272,0,0,0,0,0,0,0,0,0,0,0,0,0,0,1,10,0,1,0,0,0,0,0,0,0,1,0,0,0,0,0,0,0,0,0,0,0,0,0,0,0,0,0,0,0,1,1,0,0,40
44,0,0,0,1,0,0,0,0,203761,0,0,0,0,0,0,0,0,1,0,0,0,0,0,0,13,0,0,0,1,0,0,0,0,0,0,0,0,0,0,0,1,0,0,0,0,0,0,0,1,0,0,0,0,0,1,1,10520,0,40
57,0,0,0,1,0,0,0,0,161964,0,0,0,0,0,0,0,0,0,0,1,0,0,0,0,9,0,1,0,0,0,0,0,0,1,0,0,0,0,0,0,0,0,0,0,0,0,0,0,0,0,0,0,0,0,1,1,0,0,55
24,0,0,0,1,0,0,0,0,296045,0,0,0,0,1,0,0,0,0,0,0,0,0,0,0,4,0,1,0,0,0,0,0,0,1,0,0,0,0,0,0,0,0,0,0,0,0,0,0,0,0,0,0,0,0,1,1,2635,0,38
38,0,0,0,0,0,1,0,0,140117,0,0,0,0,0,0,0,0,0,0,0,0,0,0,1,10,0,0,0,1,0,0,0,0,0,0,0,0,0,1,0,0,0,0,0,0,0,1,0,0,0,0,0,0,0,1,0,0,0,20
33,0,0,0,0,0,0,1,0,243678,0,0,0,0,0,0,0,0,0,0,0,0,0,0,1,10,0,0,0,1,0,0,0,0,0,0,0,0,0,0,0,0,0,0,1,0,0,1,0,0,0,0,0,0,0,1,0,0,0,40
40,1,0,0,0,0,0,0,0,73883,0,0,0,0,0,0,0,0,0,0,0,0,0,0,1,10,0,1,0,0,0,0,0,0,0,0,0,0,0,0,0,0,0,0,1,0,0,0,0,0,0,0,0,0,0,1,1,0,0,40
52,0,0,0,1,0,0,0,0,373367,1,0,0,0,0,0,0,0,0,0,0,0,0,0,0,7,0,0,0,0,0,1,0,0,1,0,0,0,0,0,0,0,0,0,0,0,0,1,0,0,0,0,0,0,0,1,1,0,0,40
22,0,0,0,1,0,0,0,0,71864,0,0,0,0,0,0,0,0,0,0,0,0,0,0,1,10,0,0,0,1,0,0,0,0,1,0,0,0,0,0,0,0,0,0,0,0,0,0,0,1,0,0,0,0,0,1,0,0,0,35
28,0,1,0,0,0,0,0,0,33662,0,0,0,0,0,0,0,0,0,0,0,1,0,0,0,14,0,1,0,0,0,0,0,0,0,0,0,0,0,0,0,1,0,0,0,0,0,0,0,0,0,1,0,0,0,1,0,7298,0,40
19,0,0,0,1,0,0,0,0,262601,0,0,0,0,0,0,0,0,0,0,1,0,0,0,0,9,0,0,0,1,0,0,0,0,0,0,0,0,0,1,0,0,0,0,0,0,0,0,0,1,0,0,0,0,0,1,0,0,0,14
28,0,0,0,0,0,0,1,0,119793,0,0,0,0,0,0,0,0,0,0,0,0,0,0,1,10,0,1,0,0,0,0,0,0,0,0,0,0,0,0,0,0,1,0,0,0,0,0,0,0,0,0,0,0,0,1,1,0,0,40
27,0,0,0,0,0,1,0,0,357283,0,0,0,0,0,0,0,0,0,0,1,0,0,0,0,9,0,0,0,1,0,0,0,0,0,0,0,0,0,0,0,0,0,1,0,0,0,1,0,0,0,0,0,1,0,0,1,0,0,40
43,0,1,0,0,0,0,0,0,163434,0,0,0,0,0,0,0,0,1,0,0,0,0,0,0,13,0,1,0,0,0,0,0,0,0,0,0,0,0,0,0,0,1,0,0,0,0,0,0,0,0,0,0,0,0,1,1,0,0,55
48,0,0,0,1,0,0,0,0,50402,0,0,0,0,0,0,0,0,0,0,0,0,0,0,1,10,0,0,0,0,0,0,0,0,0,0,0,0,1,0,0,0,0,0,0,0,0,0,0,0,1,0,0,0,0,1,1,0,0,40
42,0,0,0,1,0,0,0,0,211450,0,0,0,0,0,0,0,0,0,0,0,1,0,0,0,14,0,0,0,1,0,0,0,0,0,1,0,0,0,0,0,0,0,0,0,0,0,1,0,0,0,0,0,0,0,1,1,0,0,45
61,0,0,0,1,0,0,0,0,107438,0,0,0,0,1,0,0,0,0,0,0,0,0,0,0,4,0,1,0,0,0,0,0,0,0,0,0,0,0,0,0,0,0,0,0,1,0,0,0,0,0,0,0,1,0,0,1,0,1651,40
28,0,0,0,1,0,0,0,0,230856,0,0,0,0,0,0,0,0,0,0,0,0,0,0,1,10,0,0,0,1,0,0,0,0,0,0,0,0,0,0,0,1,0,0,0,0,0,1,0,0,0,0,0,1,0,0,0,3325,0,50
28,0,0,0,1,0,0,0,0,595088,0,0,0,0,0,0,0,0,0,0,0,0,0,0,1,10,0,1,0,0,0,0,0,0,1,0,0,0,0,0,0,0,0,0,0,0,0,0,0,0,0,0,0,0,0,1,1,0,0,63
33,0,0,0,1,0,0,0,0,85355,0,0,0,0,0,0,0,0,0,0,1,0,0,0,0,9,0,0,0,0,1,0,0,0,0,0,0,0,1,0,0,0,0,0,0,0,0,1,0,0,0,0,0,0,0,1,1,0,0,30
30,0,0,0,1,0,0,0,0,93884,0,0,0,0,0,0,0,0,1,0,0,0,0,0,0,13,0,1,0,0,0,0,0,0,0,0,0,0,0,0,0,1,0,0,0,0,0,0,0,0,0,0,0,0,0,1,1,0,0,45
38,0,0,0,1,0,0,0,0,192930,0,0,0,0,0,0,0,0,0,0,1,0,0,0,0,9,0,0,0,0,1,0,0,0,0,0,0,0,0,0,0,0,0,1,0,0,0,0,0,0,1,0,0,0,0,1,0,0,0,10
49,0,0,0,1,0,0,0,0,175070,0,0,0,0,0,0,0,0,0,0,0,0,0,0,1,10,0,0,0,0,0,0,0,0,0,0,0,0,0,1,0,0,0,0,0,0,0,0,0,0,1,0,0,0,0,1,0,0,0,40
18,0,0,0,1,0,0,0,0,111476,1,0,0,0,0,0,0,0,0,0,0,0,0,0,0,7,0,0,0,1,0,0,0,0,0,0,0,1,0,0,0,0,0,0,0,0,0,0,0,1,0,0,0,0,0,1,1,0,0,40
28,0,0,0,1,0,0,0,0,76714,0,0,0,0,0,0,0,0,0,0,0,0,0,1,0,15,0,0,0,1,0,0,0,0,0,0,0,0,0,0,0,1,0,0,0,0,0,1,0,0,0,0,0,0,0,1,1,0,0,55
46,0,0,0,1,0,0,0,0,185673,0,0,0,0,0,0,0,0,0,0,1,0,0,0,0,9,0,0,0,0,0,0,0,0,0,0,0,0,0,0,0,0,0,0,0,1,0,1,0,0,0,0,0,0,0,1,1,0,0,40
55,0,0,0,1,0,0,0,0,168956,0,0,0,0,0,0,0,0,0,0,0,0,0,0,1,10,0,0,0,0,0,0,1,0,0,0,0,0,0,0,0,0,0,0,0,0,0,1,0,0,0,0,0,0,0,1,0,0,0,40
26,0,0,0,1,0,0,0,0,134287,0,0,0,0,0,0,0,1,0,0,0,0,0,0,0,11,0,0,0,1,0,0,0,0,0,0,0,0,0,0,0,0,0,1,0,0,0,0,0,1,0,0,0,0,0,1,0,0,0,35
28,0,0,0,0,0,1,0,0,227890,0,0,0,0,0,0,0,0,1,0,0,0,0,0,0,13,0,0,0,1,0,0,0,0,0,0,0,0,0,0,0,1,0,0,0,0,0,1,0,0,0,0,0,1,0,0,1,0,0,50
26,0,0,0,1,0,0,0,0,172063,0,0,0,0,0,0,0,0,0,0,0,0,0,0,1,10,0,0,0,1,0,0,0,0,0,0,0,0,0,0,0,0,0,1,0,0,0,0,0,1,0,0,0,0,0,1,0,0,0,24
29,0,0,0,1,0,0,0,0,156819,0,0,0,0,0,0,1,0,0,0,0,0,0,0,0,12,0,0,0,0,0,0,0,0,0,0,0,0,0,0,0,1,0,0,0,0,0,0,0,0,1,0,0,0,0,1,0,0,0,35
46,0,0,0,1,0,0,0,0,270565,0,0,0,0,0,0,0,1,0,0,0,0,0,0,0,11,0,1,0,0,0,0,0,0,0,0,0,0,0,0,0,1,0,0,0,0,0,0,0,0,0,0,0,0,0,1,1,0,0,60
20,0,0,0,1,0,0,0,0,266400,0,0,0,0,0,0,0,0,0,0,0,0,0,0,1,10,0,0,0,1,0,0,0,0,0,0,0,0,0,0,0,1,0,0,0,0,0,0,0,1,0,0,0,0,0,1,0,0,0,48
24,0,0,0,1,0,0,0,0,230475,0,0,0,0,0,0,0,0,0,0,1,0,0,0,0,9,0,1,0,0,0,0,0,0,1,0,0,0,0,0,0,0,0,0,0,0,0,0,0,0,0,0,0,0,0,1,1,0,0,44
45,0,0,0,1,0,0,0,0,278151,0,0,0,0,0,0,0,0,0,0,1,0,0,0,0,9,0,1,0,0,0,0,0,0,0,0,0,0,0,0,0,0,1,0,0,0,0,0,0,0,0,0,0,0,0,1,1,0,0,40
41,0,0,0,1,0,0,0,0,211253,0,0,0,0,0,0,0,0,0,0,0,1,0,0,0,14,0,1,0,0,0,0,0,0,0,1,0,0,0,0,0,0,0,0,0,0,0,0,0,0,0,1,0,0,0,1,0,0,0,40
65,0,0,0,1,0,0,0,0,88513,0,0,0,0,0,0,0,0,0,0,1,0,0,0,0,9,0,1,0,0,0,0,0,0,0,0,0,0,0,0,0,0,0,1,0,0,0,0,0,0,0,0,0,0,0,1,1,0,0,18
19,0,0,0,1,0,0,0,0,206399,0,0,0,0,0,0,0,0,0,0,1,0,0,0,0,9,0,0,0,1,0,0,0,0,0,0,0,0,1,0,0,0,0,0,0,0,0,0,0,1,0,0,0,1,0,0,0,0,0,40
38,0,0,0,1,0,0,0,0,197077,0,0,0,0,0,0,0,0,0,0,1,0,0,0,0,9,0,1,0,0,0,0,0,0,0,0,0,0,0,1,0,0,0,0,0,0,0,0,0,0,0,0,0,0,0,1,1,0,0,40
31,0,0,0,1,0,0,0,0,20511,0,0,0,0,0,0,0,0,1,0,0,0,0,0,0,13,0,0,0,1,0,0,0,0,0,0,0,0,0,1,0,0,0,0,0,0,0,1,0,0,0,0,0,0,0,1,0,0,0,25
46,0,0,0,1,0,0,0,0,364548,0,0,0,0,0,0,0,0,0,0,0,0,0,0,1,10,0,1,0,0,0,0,0,0,0,1,0,0,0,0,0,0,0,0,0,0,0,0,0,0,0,0,0,0,0,1,1,0,0,48
25,0,0,0,1,0,0,0,0,332702,0,0,0,0,0,0,0,1,0,0,0,0,0,0,0,11,0,0,0,1,0,0,0,0,0,0,0,0,0,1,0,0,0,0,0,0,0,0,0,1,0,0,0,0,0,1,0,0,0,15
21,0,0,0,1,0,0,0,0,170302,0,0,0,0,0,0,0,0,0,0,1,0,0,0,0,9,0,0,0,1,0,0,0,0,0,0,1,0,0,0,0,0,0,0,0,0,0,0,1,0,0,0,0,0,0,1,1,0,0,50
59,0,0,0,1,0,0,0,0,95283,0,0,1,0,0,0,0,0,0,0,0,0,0,0,0,2,0,1,0,0,0,0,0,0,0,0,0,0,1,0,0,0,0,0,0,0,0,0,0,0,0,0,0,0,0,1,1,0,0,40
63,0,0,0,1,0,0,0,0,43313,0,0,0,0,0,0,0,0,0,0,0,0,0,0,0,6,0,1,0,0,0,0,0,0,1,0,0,0,0,0,0,0,0,0,0,0,0,0,0,0,0,0,0,0,0,1,1,0,0,40
46,0,0,0,0,0,0,1,0,192779,0,0,0,0,0,0,0,0,1,0,0,0,0,0,0,13,0,1,0,0,0,0,0,0,0,1,0,0,0,0,0,0,0,0,0,0,0,0,0,0,0,0,0,0,0,1,1,7688,0,40
35,0,0,0,0,0,1,0,0,190387,0,0,0,0,0,0,0,0,1,0,0,0,0,0,0,13,0,1,0,0,0,0,0,0,0,0,1,0,0,0,0,0,0,0,0,0,0,0,0,0,0,0,0,0,0,1,1,0,0,45
23,0,0,0,1,0,0,0,0,121650,0,0,0,1,0,0,0,0,0,0,0,0,0,0,0,3,0,0,0,1,0,0,0,0,0,0,0,1,0,0,0,0,0,0,0,0,0,0,0,0,1,0,0,0,0,1,1,0,0,30
53,0,0,0,1,0,0,0,0,23698,0,0,0,0,0,0,0,0,0,0,1,0,0,0,0,9,0,1,0,0,0,0,0,0,1,0,0,0,0,0,0,0,0,0,0,0,0,0,0,0,0,0,0,0,0,1,1,0,0,46
43,0,0,0,1,0,0,0,0,216697,0,0,0,0,0,0,0,0,0,0,0,0,0,0,1,10,0,1,0,0,0,0,0,0,0,0,0,0,0,0,0,0,1,0,0,0,0,0,0,0,0,0,0,0,1,0,1,0,0,32
33,0,0,0,1,0,0,0,0,58305,0,0,0,0,0,0,0,1,0,0,0,0,0,0,0,11,0,1,0,0,0,0,0,0,1,0,0,0,0,0,0,0,0,0,0,0,0,0,0,0,0,0,0,0,0,1,1,0,0,40
32,0,0,0,1,0,0,0,0,140092,1,0,0,0,0,0,0,0,0,0,0,0,0,0,0,7,0,1,0,0,0,0,0,0,1,0,0,0,0,0,0,0,0,0,0,0,0,0,0,0,0,0,0,0,0,1,1,0,0,40
38,0,0,0,1,0,0,0,0,60313,0,0,0,0,0,0,0,0,0,0,1,0,0,0,0,9,0,0,0,1,0,0,0,0,1,0,0,0,0,0,0,0,0,0,0,0,0,1,0,0,0,0,0,0,0,1,1,0,0,40
39,0,1,0,0,0,0,0,0,149833,0,0,0,0,0,0,0,0,1,0,0,0,0,0,0,13,0,0,0,0,0,0,0,0,0,0,0,0,0,0,0,1,0,0,0,0,0,0,0,0,1,0,0,0,0,1,0,0,0,40
54,0,0,0,0,0,1,0,0,109413,0,0,0,0,0,0,0,0,1,0,0,0,0,0,0,13,0,1,0,0,0,0,0,0,0,0,1,0,0,0,0,0,0,0,0,0,0,0,0,0,0,0,0,0,0,1,1,0,0,50
39,0,1,0,0,0,0,0,0,167864,1,0,0,0,0,0,0,0,0,0,0,0,0,0,0,7,0,1,0,0,0,0,0,0,0,0,0,0,0,0,0,0,0,0,0,1,0,0,0,0,0,0,0,0,0,1,1,0,0,30
50,0,0,0,0,1,0,0,0,198400,0,0,0,0,0,0,0,0,0,0,1,0,0,0,0,9,0,1,0,0,0,0,0,0,0,0,0,0,0,0,0,0,0,1,0,0,0,0,0,0,0,0,0,1,0,0,1,0,0,60
47,0,0,0,1,0,0,0,0,175990,0,0,0,0,0,0,0,0,0,0,1,0,0,0,0,9,0,1,0,0,0,0,0,0,0,0,0,0,0,1,0,0,0,0,0,0,0,0,0,0,0,1,0,0,0,1,0,0,0,30
23,0,0,0,1,0,0,0,0,156807,0,0,0,0,0,1,0,0,0,0,0,0,0,0,0,5,0,0,0,1,0,0,0,0,0,0,0,1,0,0,0,0,0,0,0,0,0,0,0,1,0,0,0,1,0,0,1,0,0,36
34,0,0,0,0,0,1,0,0,156809,0,0,0,0,0,0,0,0,0,0,0,0,0,0,1,10,0,0,0,1,0,0,0,0,1,0,0,0,0,0,0,0,0,0,0,0,0,1,0,0,0,0,0,0,0,1,1,0,1504,60
28,0,0,0,1,0,0,0,0,175431,0,0,0,0,0,1,0,0,0,0,0,0,0,0,0,5,0,0,0,0,0,0,0,0,0,0,0,0,0,0,0,1,0,0,0,0,0,1,0,0,0,0,0,1,0,0,0,0,0,40
35,0,0,0,1,0,0,0,0,189092,0,0,0,0,0,0,0,0,1,0,0,0,0,0,0,13,0,1,0,0,0,0,0,0,0,1,0,0,0,0,0,0,0,0,0,0,0,0,0,0,0,0,0,0,0,1,1,0,0,40
19,0,0,0,1,0,0,0,0,208513,0,0,0,0,0,0,0,0,0,0,1,0,0,0,0,9,0,0,0,1,0,0,0,0,1,0,0,0,0,0,0,0,0,0,0,0,0,0,1,0,0,0,0,0,0,1,1,0,0,40
37,0,0,0,1,0,0,0,0,148015,0,0,0,0,0,0,0,0,1,0,0,0,0,0,0,13,0,1,0,0,0,0,0,0,0,0,0,0,0,0,0,1,0,0,0,0,0,0,0,0,0,1,0,1,0,0,0,15024,0,40
58,0,0,0,1,0,0,0,0,196643,0,0,0,0,0,0,0,0,0,0,1,0,0,0,0,9,0,0,0,0,0,0,0,0,0,0,0,0,0,0,0,0,0,1,0,0,0,1,0,0,0,0,0,0,0,1,0,0,0,15
29,0,0,0,1,0,0,0,0,74500,0,0,0,0,0,0,0,0,1,0,0,0,0,0,0,13,0,1,0,0,0,0,0,0,0,0,0,0,0,0,0,0,0,1,0,0,0,0,0,0,0,0,0,0,0,1,1,0,0,40
52,0,0,0,0,0,1,0,0,237868,0,0,0,0,0,0,0,0,0,0,0,0,0,0,1,10,0,0,0,1,0,0,1,0,0,0,0,0,0,0,0,0,0,0,0,0,0,0,0,0,1,0,0,0,0,1,1,0,0,5
31,0,0,0,1,0,0,0,0,288983,0,0,0,0,0,0,0,0,0,0,0,0,0,0,1,10,0,0,0,1,0,0,0,0,0,0,0,0,0,0,0,0,1,0,0,0,0,1,0,0,0,0,0,0,0,1,1,0,0,40
49,0,0,0,0,0,1,0,0,79627,0,0,0,0,0,0,0,0,0,0,0,0,0,0,1,10,0,1,0,0,0,0,0,0,0,1,0,0,0,0,0,0,0,0,0,0,0,0,0,0,0,0,0,0,0,1,1,0,0,40
42,0,0,0,1,0,0,0,0,195821,0,0,0,0,0,0,0,0,0,0,1,0,0,0,0,9,0,0,0,0,1,0,0,0,0,0,0,0,0,0,0,0,0,1,0,0,0,0,0,0,1,0,0,0,0,1,0,0,0,40
48,0,0,0,1,0,0,0,0,273435,0,0,0,0,0,0,0,0,0,0,1,0,0,0,0,9,0,1,0,0,0,0,0,0,1,0,0,0,0,0,0,0,0,0,0,0,0,0,0,0,0,0,0,0,0,1,1,0,1579,40
61,0,0,0,1,0,0,0,0,123991,0,0,0,0,0,0,0,0,0,0,0,0,0,0,1,10,0,1,0,0,0,0,0,0,0,0,0,1,0,0,0,0,0,0,0,0,0,0,0,0,0,0,0,0,0,1,1,0,0,20
51,0,0,0,1,0,0,0,0,40641,0,0,0,0,0,0,0,0,0,0,0,0,0,0,1,10,0,1,0,0,0,0,0,0,0,1,0,0,0,0,0,0,0,0,0,0,0,0,0,0,0,0,0,0,0,1,1,0,0,60
49,0,0,0,1,0,0,0,0,315984,0,0,0,0,0,0,0,0,0,0,1,0,0,0,0,9,0,1,0,0,0,0,0,0,0,0,0,0,1,0,0,0,0,0,0,0,0,0,0,0,0,0,0,0,0,1,1,0,0,40
26,0,0,0,1,0,0,0,0,202203,0,0,0,0,0,0,0,0,1,0,0,0,0,0,0,13,0,0,0,1,0,0,1,0,0,0,0,0,0,0,0,0,0,0,0,0,0,0,1,0,0,0,0,0,0,1,0,0,0,50
26,0,0,0,1,0,0,0,0,304283,0,0,0,0,0,0,0,0,0,0,1,0,0,0,0,9,0,1,0,0,0,0,0,0,0,0,0,0,1,0,0,0,0,0,0,0,0,0,0,0,0,0,0,0,0,1,1,0,0,40
51,0,0,0,1,0,0,0,0,120173,0,0,0,0,0,0,0,1,0,0,0,0,0,0,0,11,0,1,0,0,0,0,0,0,1,0,0,0,0,0,0,0,0,0,0,0,0,0,0,0,0,0,0,0,0,1,1,3103,0,50
24,0,0,0,1,0,0,0,0,315303,0,0,0,0,0,0,0,0,0,0,1,0,0,0,0,9,0,0,0,1,0,0,0,0,0,0,0,1,0,0,0,0,0,0,0,0,0,0,0,1,0,0,0,1,0,0,1,0,0,25
40,0,0,0,1,0,0,0,0,199900,0,0,0,0,0,0,1,0,0,0,0,0,0,0,0,12,0,1,0,0,0,0,0,0,0,1,0,0,0,0,0,0,0,0,0,0,0,0,0,0,0,0,0,0,0,1,1,0,1848,55
71,0,1,0,0,0,0,0,0,303860,0,0,0,0,0,0,0,0,0,0,0,1,0,0,0,14,0,0,0,0,0,1,0,0,0,1,0,0,0,0,0,0,0,0,0,0,0,1,0,0,0,0,0,0,0,1,1,2050,0,20
33,0,0,0,1,0,0,0,0,202051,0,0,0,0,0,0,0,0,0,0,0,1,0,0,0,14,0,1,0,0,0,0,0,0,0,0,0,0,0,0,0,1,0,0,0,0,0,0,0,0,0,0,0,0,0,1,1,0,0,50
38,0,0,0,1,0,0,0,0,107125,0,0,0,0,0,0,0,0,0,0,0,0,0,0,1,10,0,0,0,1,0,0,0,0,0,0,0,0,0,0,0,0,0,1,0,0,0,1,0,0,0,0,0,0,0,1,1,0,0,60
31,0,0,0,1,0,0,0,0,241360,0,0,0,0,0,0,0,0,1,0,0,0,0,0,0,13,0,0,0,1,0,0,0,0,0,0,0,0,0,0,0,0,0,1,0,0,0,1,0,0,0,0,0,0,0,1,1,0,0,40
29,0,0,0,1,0,0,0,0,55390,0,0,0,0,0,0,1,0,0,0,0,0,0,0,0,12,0,0,0,1,0,0,0,0,0,0,0,0,0,0,0,0,0,0,1,0,0,1,0,0,0,0,0,0,0,1,1,0,0,45
47,0,0,0,1,0,0,0,0,365516,0,0,0,0,0,0,0,0,0,0,0,1,0,0,0,14,0,0,0,0,0,0,0,0,0,0,0,0,0,0,0,1,0,0,0,0,0,0,0,0,1,0,0,0,0,1,0,0,0,40
56,0,0,0,1,0,0,0,0,136472,0,0,0,0,1,0,0,0,0,0,0,0,0,0,0,4,0,1,0,0,0,0,0,0,0,0,0,0,1,0,0,0,0,0,0,0,0,0,0,0,0,0,0,1,0,0,1,0,0,48
20,0,0,0,1,0,0,0,0,51816,0,0,0,0,0,0,0,0,0,0,1,0,0,0,0,9,0,0,0,1,0,0,0,0,0,0,0,0,0,0,0,0,1,0,0,0,0,0,0,1,0,0,0,1,0,0,1,0,0,40
37,0,0,0,0,0,0,1,0,191841,0,0,0,0,0,0,0,0,1,0,0,0,0,0,0,13,0,0,0,1,0,0,1,0,0,0,0,0,0,0,0,0,0,0,0,0,0,1,0,0,0,0,0,0,0,1,0,8614,0,40
32,1,0,0,0,0,0,0,0,454508,0,0,0,0,0,0,0,0,1,0,0,0,0,0,0,13,0,1,0,0,0,0,0,0,0,1,0,0,0,0,0,0,0,0,0,0,0,0,0,0,0,0,0,0,0,1,1,0,0,40
25,0,0,0,1,0,0,0,0,224361,0,0,0,0,0,0,0,0,0,0,1,0,0,0,0,9,0,0,0,1,0,0,0,0,0,0,0,0,0,1,0,0,0,0,0,0,0,1,0,0,0,0,0,0,0,1,1,0,0,40
50,0,0,0,1,0,0,0,0,248619,0,0,0,0,0,0,0,0,0,0,1,0,0,0,0,9,0,1,0,0,0,0,0,0,1,0,0,0,0,0,0,0,0,0,0,0,0,0,0,0,0,0,0,0,0,1,1,0,0,40
25,0,0,0,1,0,0,0,0,367306,0,0,0,0,0,0,0,0,0,0,0,0,0,0,1,10,0,0,0,1,0,0,0,0,0,0,0,0,0,0,0,0,0,0,1,0,0,0,0,1,0,0,0,0,0,1,0,0,0,40
49,0,0,0,1,0,0,0,0,82649,0,0,0,0,0,0,0,0,1,0,0,0,0,0,0,13,0,1,0,0,0,0,0,0,0,0,0,0,0,0,0,1,0,0,0,0,0,0,0,0,0,0,0,0,0,1,1,5013,0,45
38,0,0,0,1,0,0,0,0,150057,0,0,0,0,0,0,0,0,0,0,0,0,0,0,1,10,0,0,0,1,0,0,0,0,0,0,0,0,0,0,0,1,0,0,0,0,0,1,0,0,0,0,0,0,0,1,1,0,0,45
32,0,0,0,1,0,0,0,0,282611,0,0,0,0,0,0,0,0,1,0,0,0,0,0,0,13,0,0,0,1,0,0,0,0,0,1,0,0,0,0,0,0,0,0,0,0,0,1,0,0,0,0,0,0,0,1,0,0,0,40
47,0,0,0,1,0,0,0,0,102583,0,0,0,0,0,0,0,0,0,0,1,0,0,0,0,9,0,1,0,0,0,0,0,0,0,0,0,0,0,0,0,0,0,1,0,0,0,0,0,0,0,0,0,0,0,1,1,0,0,30
39,0,0,0,1,0,0,0,0,101020,0,1,0,0,0,0,0,0,0,0,0,0,0,0,0,8,0,1,0,0,0,0,0,0,0,0,0,0,1,0,0,0,0,0,0,0,0,0,0,0,0,0,0,0,0,1,1,0,0,40
31,0,0,0,1,0,0,0,0,179013,0,0,0,0,0,0,0,0,0,0,1,0,0,0,0,9,0,0,0,0,1,0,0,0,1,0,0,0,0,0,0,0,0,0,0,0,0,1,0,0,0,0,0,1,0,0,1,0,0,40
28,0,0,0,1,0,0,0,0,191355,0,0,0,0,0,0,0,0,1,0,0,0,0,0,0,13,0,1,0,0,0,0,0,0,0,0,0,0,0,0,0,0,0,1,0,0,0,0,0,0,0,0,0,0,0,1,1,0,0,45
40,0,0,0,1,0,0,0,0,558944,0,0,0,0,1,0,0,0,0,0,0,0,0,0,0,4,0,0,0,1,0,0,0,0,0,0,1,0,0,0,0,0,0,0,0,0,0,0,0,1,0,0,0,0,0,1,1,0,0,40
25,0,0,0,1,0,0,0,0,165315,0,0,0,0,0,0,0,0,0,0,1,0,0,0,0,9,0,0,0,0,0,0,0,0,0,0,0,0,0,0,0,0,0,1,0,0,0,0,0,0,1,0,0,0,0,1,0,0,0,37
41,0,0,0,1,0,0,0,0,217455,0,0,0,0,0,0,0,0,0,0,1,0,0,0,0,9,0,0,0,0,0,0,1,0,0,0,0,0,0,0,0,0,0,0,0,0,0,0,0,0,1,0,0,0,0,1,0,0,0,40
21,0,0,0,0,0,1,0,0,409230,0,0,0,0,0,0,0,0,0,0,0,0,0,0,1,10,0,0,0,1,0,0,1,0,0,0,0,0,0,0,0,0,0,0,0,0,0,0,0,1,0,0,0,0,0,1,1,0,0,30
24,0,0,0,1,0,0,0,0,65743,0,0,0,0,0,0,0,0,1,0,0,0,0,0,0,13,0,0,0,1,0,0,1,0,0,0,0,0,0,0,0,0,0,0,0,0,0,1,0,0,0,0,0,0,0,1,0,0,0,30
64,0,0,0,1,0,0,0,0,203783,0,0,0,0,0,0,0,0,0,0,1,0,0,0,0,9,0,0,0,0,0,1,1,0,0,0,0,0,0,0,0,0,0,0,0,0,0,0,0,0,1,0,0,0,0,1,0,0,0,8
17,0,0,0,1,0,0,0,0,182158,0,0,0,0,0,0,0,0,0,0,0,0,0,0,0,6,0,0,0,1,0,0,0,0,0,0,0,0,0,0,1,0,0,0,0,0,0,0,0,1,0,0,0,0,0,1,1,0,0,30
42,0,0,0,1,0,0,0,0,89413,0,1,0,0,0,0,0,0,0,0,0,0,0,0,0,8,0,0,0,1,0,0,0,0,0,0,1,0,0,0,0,0,0,0,0,0,0,0,0,1,0,0,0,0,0,1,1,0,0,40
24,0,0,0,1,0,0,0,0,185452,0,0,0,0,0,0,0,0,1,0,0,0,0,0,0,13,0,0,0,1,0,0,0,0,0,0,0,0,0,0,0,0,0,0,1,0,0,1,0,0,0,0,0,0,0,1,0,0,0,50
31,0,0,0,1,0,0,0,0,97933,0,0,0,0,0,0,0,0,0,0,0,0,0,0,1,10,0,0,0,1,0,0,1,0,0,0,0,0,0,0,0,0,0,0,0,0,0,1,0,0,0,0,0,0,0,1,0,0,0,40
50,0,0,0,1,0,0,0,0,89534,0,0,0,0,0,0,0,0,0,0,1,0,0,0,0,9,0,1,0,0,0,0,0,0,0,0,0,0,1,0,0,0,0,0,0,0,0,0,0,0,0,0,0,0,0,1,1,0,0,40
37,0,0,0,1,0,0,0,0,140673,0,0,0,0,0,0,0,0,0,0,0,0,0,0,1,10,0,1,0,0,0,0,0,0,0,0,0,0,0,0,0,0,0,1,0,0,0,0,0,0,0,1,0,0,0,1,0,0,0,40
31,0,0,0,0,0,1,0,0,156890,0,0,0,0,1,0,0,0,0,0,0,0,0,0,0,4,0,1,0,0,0,0,0,0,1,0,0,0,0,0,0,0,0,0,0,0,0,0,0,0,0,0,0,0,0,1,1,0,0,40
25,0,0,0,1,0,0,0,0,158662,0,0,0,0,0,0,0,0,0,0,1,0,0,0,0,9,0,1,0,0,0,0,1,0,0,0,0,0,0,0,0,0,0,0,0,0,0,0,0,0,0,1,0,0,0,1,0,0,0,50
42,0,0,0,1,0,0,0,0,182108,0,0,0,0,0,0,0,0,1,0,0,0,0,0,0,13,0,0,0,1,0,0,0,0,0,1,0,0,0,0,0,0,0,0,0,0,0,1,0,0,0,0,0,0,0,1,0,0,0,35
33,1,0,0,0,0,0,0,0,193246,0,0,0,0,0,0,0,0,1,0,0,0,0,0,0,13,0,1,0,0,0,0,1,0,0,0,0,0,0,0,0,0,0,0,0,0,0,0,0,0,0,0,0,0,0,1,1,0,0,42
20,0,0,0,1,0,0,0,0,245297,0,0,0,0,0,0,0,0,0,0,0,0,0,0,1,10,0,0,0,1,0,0,0,0,0,0,0,0,0,1,0,0,0,0,0,0,0,1,0,0,0,0,0,0,0,1,0,0,0,20
18,0,1,0,0,0,0,0,0,152182,0,0,0,0,0,0,0,0,0,0,0,0,0,0,0,6,0,0,0,1,0,0,0,0,0,0,0,0,0,0,0,0,1,0,0,0,0,0,0,1,0,0,0,0,0,1,0,0,0,6
21,0,0,0,1,0,0,0,0,175800,0,0,0,0,0,0,0,0,0,0,1,0,0,0,0,9,0,0,0,1,0,0,0,0,0,0,0,0,0,0,0,1,0,0,0,0,0,0,0,0,1,0,0,0,0,1,0,0,0,55
33,0,0,0,1,0,0,0,0,188661,0,0,0,0,0,0,0,0,0,0,1,0,0,0,0,9,0,1,0,0,0,0,0,0,1,0,0,0,0,0,0,0,0,0,0,0,0,0,0,0,0,0,0,0,0,1,1,0,0,50
49,0,0,0,1,0,0,0,0,291783,0,0,0,0,0,0,0,0,1,0,0,0,0,0,0,13,0,1,0,0,0,0,0,0,1,0,0,0,0,0,0,0,0,0,0,0,0,0,0,0,0,0,0,0,0,1,1,0,0,40
32,0,0,0,0,0,0,1,0,171111,0,0,0,0,0,0,0,0,1,0,0,0,0,0,0,13,0,0,0,1,0,0,1,0,0,0,0,0,0,0,0,0,0,0,0,0,0,1,0,0,0,0,0,0,0,1,1,0,0,37
41,0,0,0,1,0,0,0,0,115932,0,0,0,0,0,0,0,0,0,0,0,0,0,0,1,10,0,1,0,0,0,0,0,0,0,1,0,0,0,0,0,0,0,0,0,0,0,0,0,0,0,0,0,0,0,1,1,99999,0,50
36,0,0,0,1,0,0,0,0,418702,0,0,0,0,0,0,0,1,0,0,0,0,0,0,0,11,0,0,0,0,0,0,1,0,0,0,0,0,0,0,0,0,0,0,0,0,0,0,0,0,1,0,0,0,0,1,0,0,0,40
23,0,0,0,1,0,0,0,0,149204,0,0,0,0,0,0,0,0,1,0,0,0,0,0,0,13,0,0,0,1,0,0,0,0,0,1,0,0,0,0,0,0,0,0,0,0,0,0,0,1,0,0,0,0,0,1,1,0,0,40
45,0,0,0,1,0,0,0,0,360393,0,0,0,0,0,0,0,0,0,0,0,1,0,0,0,14,0,1,0,0,0,0,0,0,0,1,0,0,0,0,0,0,0,0,0,0,0,0,0,0,0,0,0,0,0,1,1,0,1902,50
61,0,1,0,0,0,0,0,0,101265,0,0,0,0,0,0,0,0,0,0,1,0,0,0,0,9,0,0,0,0,0,1,1,0,0,0,0,0,0,0,0,0,0,0,0,0,0,0,0,0,1,0,0,0,0,1,0,1471,0,35
38,0,0,0,1,0,0,0,0,52738,0,0,0,0,0,0,0,0,0,0,0,0,0,0,1,10,0,1,0,0,0,0,0,0,1,0,0,0,0,0,0,0,0,0,0,0,0,0,0,0,0,0,0,0,0,1,1,0,0,40
33,0,0,0,1,0,0,0,0,204752,0,0,0,0,0,0,0,0,0,0,1,0,0,0,0,9,0,0,0,1,0,0,0,0,0,0,0,0,0,1,0,0,0,0,0,0,0,0,0,1,0,0,0,0,0,1,1,0,0,40
29,0,0,0,1,0,0,0,0,232666,0,0,0,0,0,0,0,0,0,0,1,0,0,0,0,9,0,1,0,0,0,0,0,0,1,0,0,0,0,0,0,0,0,0,0,0,0,0,0,0,0,0,0,0,0,1,1,0,0,40
51,0,0,0,1,0,0,0,0,284211,0,0,0,0,0,0,0,0,0,0,1,0,0,0,0,9,0,0,0,0,0,1,0,0,0,0,0,0,0,0,0,1,0,0,0,0,0,0,0,0,1,0,0,0,0,1,0,0,0,35
40,0,0,0,1,0,0,0,0,200479,0,0,0,0,0,0,0,1,0,0,0,0,0,0,0,11,0,1,0,0,0,0,0,0,0,0,0,0,0,0,0,1,0,0,0,0,0,0,0,0,0,0,0,0,0,1,1,0,0,40
32,0,0,0,1,0,0,0,0,126132,0,0,0,0,0,0,0,0,1,0,0,0,0,0,0,13,0,1,0,0,0,0,0,0,0,1,0,0,0,0,0,0,0,0,0,0,0,0,0,0,0,0,0,0,0,1,1,15024,0,50
52,0,0,0,1,0,0,0,0,99307,0,0,0,0,0,0,1,0,0,0,0,0,0,0,0,12,0,1,0,0,0,0,0,0,0,0,0,0,0,0,0,0,0,1,0,0,0,0,0,0,0,0,0,0,0,1,1,3103,0,48
40,0,0,0,1,0,0,0,0,168936,0,0,0,0,0,0,0,1,0,0,0,0,0,0,0,11,0,0,0,0,0,0,0,0,0,0,0,0,0,1,0,0,0,0,0,0,0,1,0,0,0,0,0,0,0,1,0,0,0,32
38,0,0,0,1,0,0,0,0,54317,0,0,0,0,0,0,0,0,0,0,0,0,0,0,1,10,0,1,0,0,0,0,0,0,0,0,0,0,1,0,0,0,0,0,0,0,0,0,0,0,0,0,0,0,0,1,1,0,0,60
40,0,0,0,1,0,0,0,0,181265,0,0,0,0,0,0,0,0,0,0,0,0,0,0,1,10,0,1,0,0,0,0,0,0,1,0,0,0,0,0,0,0,0,0,0,0,0,0,0,0,0,0,0,0,0,1,1,0,0,52
19,0,0,0,1,0,0,0,0,206599,0,0,0,0,0,0,0,0,0,0,0,0,0,0,1,10,0,0,0,1,0,0,1,0,0,0,0,0,0,0,0,0,0,0,0,0,0,0,0,1,0,0,0,0,0,1,0,0,0,16
29,0,0,0,1,0,0,0,0,129856,0,0,0,0,0,0,0,1,0,0,0,0,0,0,0,11,0,0,0,1,0,0,1,0,0,0,0,0,0,0,0,0,0,0,0,0,0,0,0,1,0,0,0,0,0,1,0,0,0,40
32,0,0,0,1,0,0,0,0,244147,0,0,0,0,0,0,0,0,0,0,1,0,0,0,0,9,0,0,0,1,0,0,0,0,1,0,0,0,0,0,0,0,0,0,0,0,0,0,0,0,1,0,0,0,0,1,1,0,0,10
24,1,0,0,0,0,0,0,0,127185,0,0,0,0,0,0,1,0,0,0,0,0,0,0,0,12,0,1,0,0,0,0,0,0,0,1,0,0,0,0,0,0,0,0,0,0,0,0,0,0,0,1,0,0,0,1,0,0,0,40
32,0,0,0,1,0,0,0,0,113688,0,0,0,0,0,0,0,1,0,0,0,0,0,0,0,11,0,0,0,0,0,0,0,0,0,1,0,0,0,0,0,0,0,0,0,0,0,1,0,0,0,0,0,0,0,1,0,0,0,50
25,0,0,0,1,0,0,0,0,213385,0,0,0,0,0,0,0,0,0,0,1,0,0,0,0,9,0,0,0,1,0,0,1,0,0,0,0,0,0,0,0,0,0,0,0,0,0,1,0,0,0,0,0,0,0,1,1,0,0,40
19,0,0,0,0,0,1,0,0,116385,1,0,0,0,0,0,0,0,0,0,0,0,0,0,0,7,0,0,0,1,0,0,1,0,0,0,0,0,0,0,0,0,0,0,0,0,0,1,0,0,0,0,0,0,0,1,0,0,0,40
31,0,0,0,1,0,0,0,0,164309,0,0,0,0,0,0,0,0,0,0,0,0,0,0,1,10,0,0,0,0,0,0,1,0,0,0,0,0,0,0,0,0,0,0,0,0,0,0,0,0,1,0,0,0,0,1,0,0,0,38
50,0,0,0,1,0,0,0,0,204518,0,0,0,0,1,0,0,0,0,0,0,0,0,0,0,4,0,0,0,0,0,0,0,0,1,0,0,0,0,0,0,0,0,0,0,0,0,1,0,0,0,0,0,0,0,1,1,0,0,40
31,0,0,0,1,0,0,0,0,232475,0,0,0,0,0,0,0,0,0,0,0,0,0,0,1,10,0,1,0,0,0,0,1,0,0,0,0,0,0,0,0,0,0,0,0,0,0,0,0,0,0,0,0,0,0,1,1,0,0,40
47,0,0,0,0,0,0,1,0,123219,0,0,0,0,0,0,0,0,0,0,0,1,0,0,0,14,0,1,0,0,0,0,0,0,0,0,0,0,0,0,0,1,0,0,0,0,0,0,0,0,0,0,0,0,0,1,1,0,0,38
42,1,0,0,0,0,0,0,0,46366,0,0,0,0,0,0,0,0,0,0,1,0,0,0,0,9,0,0,0,0,1,0,1,0,0,0,0,0,0,0,0,0,0,0,0,0,0,0,0,0,1,0,0,1,0,0,0,0,0,40
33,0,0,0,1,0,0,0,0,376483,0,0,0,0,0,0,0,0,0,0,0,0,0,0,1,10,0,0,0,0,0,0,1,0,0,0,0,0,0,0,0,0,0,0,0,0,0,1,0,0,0,0,0,1,0,0,0,0,0,40
38,0,1,0,0,0,0,0,0,225605,0,0,0,0,0,0,0,0,0,0,0,0,0,0,1,10,0,1,0,0,0,0,0,0,0,0,0,0,0,0,0,1,0,0,0,0,0,0,0,0,0,0,0,0,0,1,1,0,0,44
31,0,0,0,1,0,0,0,0,173495,0,0,0,0,0,0,0,0,0,0,1,0,0,0,0,9,0,1,0,0,0,0,0,0,1,0,0,0,0,0,0,0,0,0,0,0,0,0,0,0,0,0,0,0,0,1,1,0,0,40
27,0,0,0,0,0,0,1,0,192257,0,0,0,0,0,0,0,0,0,0,1,0,0,0,0,9,0,0,0,1,0,0,0,0,0,0,0,0,0,0,0,0,1,0,0,0,0,0,0,1,0,0,0,0,0,1,1,2174,0,40
