-1.11334371140988,3.30724631439606,-2.87716754488757,4.29198062263925,-3.19603555218241,4.33822968521348,-5.23032091292621,3.87887700338434,-2.81084107811495,1.09516813434754
0.892196301743552,-2.37905228734046,1.70985050390176,-0.900743040737786,1.40395205895588,-1.2391611481313,1.71837302381282,0.0477915800814741,-1.32255846121199,-0.780438264954865
0.0904918170267738,2.09876282955539,-3.5753272521393,2.10985831884158,-4.50157329918958,4.3299233393445,-3.59730253969382,4.17996684253214,-1.74980706427741,0.924125884997317
-1.46294870140304,1.41846381117853,-1.30853202070906,0.652509210008944,1.77981675891429,-4.09492126706044,3.24998652082046,0.110348865845038,1.58992725887423,0.380361145132575
-0.953176301781835,-0.669060740427875,0.511413592032562,0.40879765499645,-1.16253062637868,0.108943153949912,1.14338357956383,0.0601972946402377,0.513281858805229,0.620436867857016
2.11151424305643,-1.55523579719782,1.15835529039259,0.477705997754899,-0.056859907930098,-1.08255263745976,1.29507303931535,-1.12080248001643,-0.21906539915523,1.41535432584768
1.64005823206998,-0.680258344147499,-0.412086295670737,-0.752722353529652,-0.318408800892965,2.03565468276277,-1.26107676597026,0.298045955268805,-0.816926406674496,-0.440288575503156
0.780319541995667,-0.34938936232173,-0.298809565740002,1.93501329391214,1.09320435396395,0.153031671685473,-1.47370561035326,4.29663896295977,-2.66800823481622,2.10904725135451
1.28217220570496,-1.28827693831703,0.698077220344727,-1.78513818073938,1.41448537114664,-3.98890731840194,1.7037325547441,-1.12034169236056,1.05960158594877,-1.57185411244068
-1.3468426948259,2.6803698990275,-1.30744303768064,-0.083148314838359,-1.07140322851992,2.08579569832825,-3.24566398684617,1.89125957104695,0.122807805174669,0.421115734254163
-0.18109899680282,-3.86286641072357,1.96865178341268,-0.369678930043192,1.57881359456709,0.5280858944492,-1.37462407633613,1.53867190399951,-1.57062779930327,0.426450682947972
-0.807232310262675,-1.48445121441197,0.861990755480065,-1.50799998725813,-0.410834997389123,0.0863211183740921,-0.974006300231798,1.87723102382121,-0.670143281859799,0.0621427462563149
1.52157882979767,-3.62772846182075,3.63646139769837,-1.36433586741301,0.840106553780541,0.237879444661072,-1.96662201308206,1.95879490565925,-0.177227622363767,0.867960511729356
1.10157204436757,1.00190419338327,-0.377224396235074,-0.779385639799661,0.363692783834276,0.477102353833164,-0.868673256613429,1.47150680342721,-1.98813538426363,1.14270791630026
-1.52143188680005,0.0416025390745626,0.443924987510086,-1.5165566303179,1.46159479082907,-2.69790629136413,-0.240667812443539,-0.390433433743972,0.382505018786459,1.31759999619814
1.40213337079408,-2.13640734297446,2.39050089009177,-2.6398209345755,0.718997099795547,-0.676846225045052,-0.455036512541209,-1.07921259041089,1.65305806519177,-0.130532009116417
1.35346354638564,-2.22405418592727,2.70039928743343,-1.39223068692141,1.56488823771673,-2.17935648903571,3.28206255535152,0.187089375283328,-0.993458691980312,1.02384150055338
-0.176674054180927,0.326323013287537,0.169716799738392,-1.56065095965881,1.4601058360404,-1.98966203706272,-0.872112327448325,-0.171754498751733,-2.52534986706399,2.54867132088739
2.56499391472344,-1.92213706977241,1.90043343271299,-2.94724815821405,3.30446411829665,-1.39118417876988,1.4944907533446,-0.868649963459413,-0.408489040440587,0.230840079220851
-0.324072154897738,-0.558903337984477,-0.691654440599892,0.384194345701312,1.39348682204676,-2.07487147402021,1.06815025656365,-2.50569553143945,3.59528243972628,-2.09945305041259
1.70061307847661,-1.64975733598045,1.7564523737772,-2.1226743280493,0.140066206811147,-0.28569693316165,-0.72956967405088,0.00181580423194311,-0.817545762488501,-1.22973088515154
0.326067610520283,-2.22108882119262,3.69477579528617,-0.467309587216503,2.79325552254132,0.486135549432179,-0.671572777478135,-1.03678549393393,-0.413485478491766,0.315562144944863
0.788339326454024,1.2371851396509,-1.80971468123295,2.43501807089458,-4.52782007365417,4.64520063534281,-3.92584744124647,1.99851106929196,-2.09734203448622,1.92974015831514
-0.74718216001979,0.583746131357415,0.653906582945374,-0.99252207194595,-0.153099212289714,1.44794668203612,1.1637765601733,0.26679067103212,0.223972969241357,-1.35714806252965
0.00509793925737251,-1.65024580119799,1.144722917684,0.983681767870443,-1.62229544922065,1.56975963529949,-2.55095971743709,2.02141592371093,-1.64337724474,0.590939451135042
0.707095525350752,0.162948272282434,1.36349938101653,-0.505311248212167,1.69650852705339,0.758186806184368,-1.86463340106802,2.43349712497322,-2.43468941657784,2.03568471862996
-0.341415182499447,1.60879204801642,-1.31115963434711,0.536055970586155,-0.179229456967465,0.177635909031991,1.18441857567165,1.36221967858885,-1.85985928481052,-0.888215630994983
0.31474273480024,1.0112502233827,-1.53666374911815,1.33594660245624,-1.82660263459245,4.00947184325736,-5.13013396010901,4.24448681622876,-3.35542500912188,1.6846341001178
0.717324063213997,-2.04208487421221,0.812629525176484,-1.84161088857227,0.264986228521968,-1.69421102326331,0.498671020966788,0.370074494985638,0.382840759304638,0.989150264541927
-1.17355671912656,-0.068238580391609,0.42715938566533,0.568208742960674,1.51922321622393,1.35909922679854,-2.28847625187904,3.00377157345463,-0.398336806312088,0.399245634278304
0.143890868993976,-0.158562378453728,1.04528142029121,2.28540814649071,-5.42126590948162,3.20482620678266,-2.73303968456225,4.06592126383698,-2.41300434196921,3.78165929843005
-0.843209599581625,2.30311897344993,-0.25216632724198,0.0111863821788327,0.28669095124978,0.453282192243361,-0.321721704505344,1.05300070755945,-2.52948012073657,1.31651636738362
0.0611240192337743,-0.934079476245093,0.243188765023572,-1.51014241171856,0.0203356478094618,-1.26689449865627,0.47070880511108,1.06609827776604,-1.11727259281832,-0.063864335015484
1.64496279387974,-2.55485974882742,2.9526016371124,-2.14218002861681,3.7082548898365,-6.359638941683,7.65162465192734,-6.26840001879049,2.94360889596119,-0.873234227741052
1.44861382115558,-0.670741906003695,2.01428091357205,-2.32557194344219,3.00100747081353,-1.19412003727794,-0.158925528781348,0.30779603172303,0.078638686705042,-1.77145627021469
2.01741387786507,-3.86886777056424,4.05370412621264,-3.77880124903938,4.46235994861251,-2.55054373402301,2.42664184401361,-1.39689003142865,-0.659224119840033,-1.14782562965371
-1.27438255230281,0.403441677992914,0.169606973893043,1.20670257782886,-2.39959979363401,2.6437586526427,-1.88707989698665,1.37974221745886,0.0981940597757829,-0.732253089186305
-0.307007604214227,1.74864875887927,-1.8237887451044,1.82689485645326,-3.51421370894983,3.64176041511582,-1.77952846943858,-2.65368893357516,1.2566558788556,-0.580827519574397
0.152729422638781,0.695878742040919,-2.90162453342355,3.59302102439779,-2.65699778561929,2.99296261109048,-2.57173491526447,2.63277986163702,-2.94391424023497,1.39917922903928
2.1197816428149,-0.576948466366589,1.03245007733613,1.50845003308572,0.689689446831866,-2.98429548408156,3.63022489876828,-1.33783703896549,2.37167669132953,-0.585841781915404
0.709558745525488,-0.310372479270837,0.213132534433328,-1.60747052635536,0.503154795385835,-0.698176912565005,0.366933471691025,2.29661712808057,-1.81232809426042,-0.204915902643914
-0.538819642224491,0.939221986055543,-0.514700075785522,1.70534895424528,-2.01139498946277,3.32509079499033,-1.88059862708337,1.97396087740234,-0.57355156248815,-0.741342396664161
0.919695215082934,0.710968807698978,-4.33326808652997,3.01401132570941,-2.78049628857067,3.6378966054503,-1.61244443206184,1.69260964468975,-0.0173511752939231,0.791770426529371
-0.891539590217296,-0.165365793393777,-0.93313264290801,1.73090252111282,-0.791701379381845,0.490744793409856,0.367969483993995,-1.1655585901313,-0.229905611347066,-1.76259962045733
-2.13789979095901,3.00921139474512,-0.36037413021113,0.611541843545358,-0.789421403409885,1.21169461729731,-2.05465321738266,3.61791602590571,-1.08511022965388,0.769453747751952
-0.00141794465944982,-0.987686217128634,-0.682686133994748,1.18450719880382,0.272438273127954,2.23763061397482,-2.26113758163531,3.63974394159314,-2.65214175314089,1.47684717561405
0.231728138527609,-0.264472923760591,3.31510149462436,-3.62609258091551,4.9835469541985,-4.88472305757805,5.4347358535962,-4.22875127695758,2.50897417817226,-0.695061024342927
2.57247694995122,-3.76115841448118,3.00087202009863,-1.32102475476614,-2.56081956287983,0.618383028909062,-1.19761380329051,3.01559219466981,-1.63151411363852,1.45073100954637
-1.35625098826555,2.93303759721112,-4.1601496326363,5.52179572730627,-4.07655590989326,1.40217162223591,-1.62161588401706,2.02113636603183,-0.709366749545264,2.34160065240402
-1.12967357628772,2.07339793912897,-2.82375446286322,4.90931774015253,-3.97171024004917,2.55971198100186,0.112424091839336,-1.0651566213305,-0.507566253032183,-0.220810363909443
0.167869384764708,-0.60748659581006,0.109425947338528,-0.288966455715646,2.04363085257951,-0.976601784162857,0.588550873174701,-0.350344800392795,0.742299486094234,1.28075296600909
1.9030071988352,-0.855340654692578,-0.248133753190847,-0.489717137782457,-0.423989113003426,-0.783649157393553,-0.760383193185334,-0.224427874463032,-0.915428039778468,0.386508150374077
0.729951844480584,-1.42723117812594,1.19652716708753,2.38917110015027,-5.24872862063929,3.18861421224115,-4.27371964707314,5.20515416636032,-2.61005598798499,1.19792770897669
-0.563289749654425,1.41210103546994,-1.11522459396534,2.09639090953801,-2.38032860841937,0.484560962061346,-0.0295958573547817,0.991854703740331,-1.8971648139392,1.10952023019562
-0.000876802258584178,-3.08876379044844,2.87096932551127,-0.49403174006905,1.15795936370876,-0.498945685545539,-0.234400066418771,2.4431212846696,-0.250752701094487,-1.05819031529619
1.12437121605496,-0.314988020379552,1.44280579111634,-2.40865790681668,0.0203987063992651,-0.227901682516224,0.896128614681855,-0.481613729886145,1.16170405971757,0.0464755365040945
0.473883092873101,-0.31149864755153,1.17542929371939,-0.689523836190076,0.93167975431522,0.966811194653401,-2.37809200153979,3.04937629305919,-2.46663312811908,0.911945105688706
2.45038717873646,-0.725464929102357,2.07332408188432,-1.89390758495795,2.38653963210262,-0.737285842957431,0.887983406518269,-1.76077854023184,-1.84968494587102,0.723071956779127
0.298635058370095,-2.00185357966952,4.36084931087481,-2.72073680276548,2.87076930933378,-1.84225847743943,4.09578511750247,-3.05337263346377,2.36729070056992,0.0888068150001213
-0.0907088244769285,-2.78362996805889,3.20697937181833,-2.11552269837535,1.60298342712143,-3.19768325202657,-0.605852644306259,-0.778309016676086,-0.487449313646515,0.28894004770777
1.10962349506773,-2.26390613949642,0.947930593394562,-0.596930136298295,-1.00854106352689,0.93041324524616,1.33349832606668,-1.8423223885258,1.34532704074651,1.73203407119262
-0.0686206900057353,-0.0762318106174819,-1.3976321821218,3.85754353763911,-1.89281062872215,0.547829853532848,1.63751644265237,-1.80559637445953,2.8719177298002,-1.64438466286091
-2.18985018865549,1.01667712031769,-0.666596100233338,0.251232124368934,-1.48649658011931,1.09755053314259,1.08189424568646,0.74523075624426,-0.480532069309298,0.0733293201320063
-2.18178484408603,2.24527064454081,-0.996494348316551,0.132220223561066,-1.10256668029948,0.0995137570196827,-0.826558186543926,1.21647455050844,-1.96418278300138,1.02254767895671
-1.25424949724913,0.641799031656929,-0.851159706400689,2.06685510337958,-4.42915748427562,3.79939999039996,-5.12938664932704,4.41324280554419,-3.33811771483732,2.69192189460895
-0.0204192283895981,1.41032271749061,0.139544552551141,-0.708394955658213,1.28795279624442,-2.77760568346495,3.68886238152971,-2.50812751665236,3.29716425242854,-2.09246507550883
1.53189702402186,-1.68460716245021,3.48373165417819,-1.7885665578016,0.388684966038867,-0.221886397145325,0.123909126517017,-0.757095307664059,1.05147355093725,-0.410547480194577
-1.23477853398976,1.41976632659302,-2.56960463223167,4.13097802167467,-1.59624146679398,1.18007308127724,-2.27513188714247,-1.27470681926867,0.0873932267503572,-0.154472839369086
0.102228206544668,-0.245105365778457,3.03734551459736,-3.12924185118986,4.18056147169476,-5.47928857795362,3.43787980222319,-0.427088746563868,1.40476356320646,-1.36054363902972
2.76073096470834,-3.25999925313662,2.99127547079672,-1.64694687306868,1.21207619322932,-1.90325277059497,-1.02819378368344,-1.25714377766625,-0.397084373142277,-0.448856457779691
1.14557080772974,-0.047401185689109,-1.56681713301792,3.02806127687316,-2.37862280849433,1.89823679725407,-3.228806848468,1.24555738614803,0.325188168455163,-1.74007225537483
-1.07772023181103,2.59839681742092,-2.81300649518683,2.47276177328739,-0.563946283909061,-0.76007405305821,-0.462772243367825,-1.28129380847666,0.232938584560163,-0.532865798578178
0.419738066917514,-1.71555107178323,1.32620736532832,-1.4348760487083,0.475604068169042,-1.16574761649833,-0.938924546061238,1.70123150831524,-0.581875183421611,1.46792298379898
-1.55204983846969,-0.515117697931871,-0.665008755418971,1.29318664822995,1.95734968029849,-0.382959702698642,1.7318001035918,-1.83311329340102,2.57908365705093,0.181426559908778
-0.291448630055917,0.0934245441069721,-2.80441788935682,3.34167317649115,-4.03247575619186,4.96320886906833,-4.42014367016485,2.9124147089689,-1.91614794128859,1.67627494479285
-1.87193481314507,1.66602757160456,-3.69867338525537,5.21354247375711,-1.07969935483572,-0.832674809342276,0.777195652815721,-1.95156060412358,1.84832986807335,-0.907269797338089
0.858587297630073,-0.36221822792164,0.402067972062811,1.75347808628392,-0.023415498708834,-0.309569300529921,-2.67501876725576,2.33917660402214,-1.43367861527212,0.815273032581997
2.16254073662877,-2.20768525349911,2.00671326708138,-0.057053193296486,-0.739130405747167,0.687156749752649,1.5811723875315,-2.63175788606767,1.12995473849641,0.840566210247991
-0.768675218479914,2.90291788481425,-1.7190290594055,1.58381730078117,-2.8894051030935,2.1633174225485,-0.682981125216029,-0.143602816120476,1.71869579066384,-3.02055885547102
-1.15094749667295,2.41731540237611,-1.48768687430985,-0.528897844433526,1.59346075564669,-0.960391900504962,0.249997543359455,-1.70712863753779,0.775143504098037,2.07634531359462
-1.99036952186234,0.646474924305477,0.79214066152732,0.185517554841306,-1.15166606816124,-0.458218324029541,-0.0314421604078993,-1.75333511984539,1.9484438128306,-0.433760724039393
-0.718254329249889,-0.108879076359075,1.00672511759784,-0.977459230559282,1.01233771659068,2.08648384416087,-3.83931163366693,2.55020770970389,-3.30170552674855,1.53480715102316
-0.537835660749045,-0.636395484346688,0.212795953332135,-1.11812412767115,-2.67814131195177,4.35406339848502,-2.25739266162892,1.50481818434894,-1.72082882655171,-0.584089869736761
-0.768461049089129,0.334897694688757,0.269594096250993,1.03863937635371,1.27346539851401,-1.03349356249487,2.28539004887017,-1.70427932696874,1.02150726919097,-2.47343078034697
0.743937719946726,-2.27076261294922,3.09762916395553,-2.50205833664686,1.78306479377224,-0.828600238920296,-0.716608511383746,0.450008797398272,1.08425109522127,-0.582733564249182
-0.203131746190051,0.242673585502116,0.694071859880998,0.254998515801292,-0.516706848727048,-0.454834590659551,1.82329408205918,-0.273848690582214,0.216608206732607,-1.72253123438655
2.95164253717895,-2.44242099381869,2.58491927883394,-0.479921100707954,-0.143696712099432,-1.31364417865455,0.412655609852898,0.121517555184893,-0.694018725823993,3.08021314032768
-0.601463203731067,1.07318330237908,0.616100514155659,-0.77209932857317,1.78117755596705,-3.35335000973248,2.22384582353515,-1.16446283200327,0.329188473729895,1.63480236520261
-1.06780201469482,0.540382822068505,-2.61523010574077,1.41930417250891,-1.03872290559742,1.56601574234386,-2.67580506524874,3.40418300615176,-2.01519042713646,1.76850634284487
2.46941337565721,-0.31872667511246,-2.42500144969245,2.09731828088016,-1.78595066229662,2.95994142401854,-3.42061739396036,3.19021997895561,-1.92546081426012,1.92339968801403
0.00936990358781057,-1.16992021598926,0.069369693003446,-0.4044351085125,0.0399744954344683,1.91672436228309,-3.24423331988763,4.14382373360347,-1.02316913838102,-1.04274041625468
1.50938466278314,-1.34290286559147,2.30982723096439,-2.45909072868236,3.75978940739997,-4.17294644089871,3.46401754181551,-2.71120731950007,0.56250405488013,-0.942697438298135
2.98995695401803,-2.61747469405198,3.280519386808,-2.84890983148155,2.68430940215789,-1.7087533831166,-0.488630006480819,-0.582732429396856,2.2622425682068,-1.98146681065459
0.256586213346848,-0.89655481613736,-0.0742029440061175,-1.22811599608657,2.89469890767384,-2.02047366874618,0.294859909954042,-2.20428939190895,1.82544170823883,0.0188738673224652
0.82863624176568,-0.846239035711481,-1.07607117785111,2.36784897868222,-4.46060486986907,5.03075930824359,-3.30664438336969,5.96575537417714,-2.28000411666038,1.65000739841046
-0.982706048982871,0.0729496134865737,-0.453006270810003,-0.0845126096558994,0.0675062656416253,1.17251593509099,-2.29247535480712,0.5551781370716,0.223551154111453,-0.629059693426743
-0.792218823079281,0.314779015235854,2.37217782853649,-0.839472355663006,0.565785161221364,-4.68023003968865e-06,0.0376359683187348,0.130526257995414,-0.706605820881075,-0.38751141192021
-0.333026850223717,-0.3069578072263,1.70194919817004,-4.91715910756595,3.30568336356603,-3.32756178973198,1.69067064525793,-1.00790190195751,-0.198753391966195,-0.567116206644039
0.014440103804225,0.559064017443745,0.662725481195134,-3.01929000211831,4.35751376377102,-5.19783125554999,5.33700637121605,-2.7370571583081,2.57352890916997,-0.353339499907953
-2.02995725123358,1.09038586822188,-2.74311068451839,1.3377432174868,-1.22731114394464,-0.16544735437006,0.670920258742581,-0.849398292082226,1.90737802238468,-1.6608941888549
-2.62539795558313,0.633962962692586,-0.948041595593337,-0.186844973626384,0.980285394944566,0.102392453264969,0.596555924238125,1.15720823838427,0.733645472266956,-1.57573911696589
-1.12111924717862,1.4244646758692,-3.52896628482541,2.88083082966419,-0.746035679326813,-1.68248675647788,-0.878664680787477,0.255785471389907,2.02104442418577,-1.57005626681964
-1.08648297258933,-0.396038833184176,0.796345869052821,-2.71750379909414,0.259835208211078,-1.69144444034257,2.4511090314557,-1.1243603134104,-0.394394328149459,-0.863971892240485
2.54298952811656,-1.91442612399005,0.289883638100338,-1.25398732441942,-0.215212848214286,-1.60844722070216,1.76338184430807,0.534756651877836,-1.05895019885117,-0.10819148647507
-1.77865477112033,2.70834248614571,-3.66140241560278,2.55552466920899,-2.44718663091855,2.93101813292699,-0.804806489564755,-0.0117791025753528,0.954343903693489,-1.96322335013853
1.03592420897849,-2.47887694281203,1.2026637758974,-0.305308021010242,-0.776576432410806,1.76605770782069,-1.92768096176463,2.84589317568127,-0.255957273264386,-0.421794377651071
-1.55083078409668,-0.927799610785629,3.59240305224694,-4.65215712577439,3.20993951853525,-1.82081163888498,1.47304915999888,-1.70565250111002,-0.640820019842626,0.985773518526931
-1.01544590251053,-2.0133329961692,0.472430522466089,-0.319319248513531,0.660054585961367,1.67467206895786,-1.80476103134029,2.25658950959925,-0.802605472493511,-0.406155384755034
-1.58635665464445,3.23856822844211,-3.2236528317852,1.4913076009681,-0.573159768511312,0.516706205752778,0.441411571639069,1.74813611317321,-0.886360788670571,1.13651596597023
-1.68080288058318,1.29466093728707,-1.89494873841507,0.53523019142359,3.4351229454205,-3.67765770196044,2.43260381786854,-2.29096122059457,-0.0706739859537632,1.65526993343557
-0.438191598911293,-0.243477959723216,0.777167292116401,-0.863492397545172,2.79011139134894,-3.20836351806905,2.29076782896515,-2.17663132188522,1.21925161577156,-0.729751330703734
-0.11046458198531,0.242073433088239,-0.980274063879441,1.77416766545403,-3.97239056646303,1.1178774874268,-2.94325860875218,-0.534659677316044,0.973981090505565,-0.584477267700667
0.597396606192867,0.249391300320667,-0.707821852787874,2.16987639547063,-1.68610787608936,1.3105452146897,-0.374916663897744,-0.124474575090446,0.8268459637538,-0.4289338966491
2.69407418623832,0.429863032676837,-0.219175533579574,1.23957971507802,-0.525108314730866,0.186137006435622,-0.32305460629978,1.00577443357036,-0.185106758879736,1.68645646485921
-1.62498297149781,1.23914160239045,-0.903943712815995,1.82952176699599,-0.557108558473572,-0.894327079650182,0.372378577670154,-1.95390840218816,1.96885726007731,-0.338761748750214
0.428069021655405,-0.815156162713633,-1.04880130041174,2.133008766528,-1.75507274201589,3.10171965766134,-2.10667445114215,1.59127282961451,-0.812689482100412,-0.899929844935597
1.62711279376385,0.002014486470297,-1.82730217930254,1.52233915802506,-1.53518176285166,1.183926671967,-0.983666974091029,1.22463087817445,-0.366081327494749,0.331239132956208
-0.211399894159803,0.888890192752464,-0.482942392780577,-1.26943266850678,0.853021608588872,-0.397155040476886,0.26728479429464,-0.501495390170013,-1.61636856698702,0.884509250020269
-1.29566717281296,2.50316082023862,-0.354914170074664,-1.98807967374741,0.199505520587439,0.513256596695954,-3.76825951436111,3.19791649580566,-0.678256368869504,0.0942589659251042
-0.856541125763947,2.29726757673332,-1.61320929625815,1.6276579506172,-0.778178051585193,-1.03724792374651,-0.0819961572202621,-2.00506868340633,0.755070720234119,-1.00282394362918
-0.81251383808657,0.658762590409052,0.76748957982695,-1.27426922138192,-0.0848538547424183,-1.3120336905443,1.41982230331671,-0.223393615885683,0.819545255963342,-0.349597418718138
1.95373836691188,-0.376817374455737,0.83588006353095,-1.30365714963295,-0.578339707754641,1.38083767706987,-0.699423591512261,1.57292482350614,-0.416317206347641,0.852892357794899
0.885570601773372,0.492631533618192,0.298751037424141,1.87020287590026,-1.30591318042121,1.69716616845673,-1.58990854330592,1.55329400952775,-0.517779620086854,-1.60985986014167
-0.049368301565071,-0.813697501698249,2.7357398896982,-1.89564885147198,0.998992182652398,-2.90986202122385,2.99326946435102,-4.00842308983753,3.70985641455675,-3.66898229392866
1.15918189350911,-3.31791824585186,2.38093517215543,-1.61034825031304,1.15960449535749,0.523541973885652,0.244062800874203,-0.445765137755209,-0.580439396659537,-0.202654302315333
-0.650542825969754,0.605734603925588,1.71494697233286,-0.267583315799191,1.01021802037882,-0.932495489882998,-0.231602710700025,1.55995021961674,-1.01958601440529,1.31577975506325
-1.20496800776185,0.0815035257936302,-1.31824625032629,2.46891026892244,-0.894596524435597,1.58444380715843,-0.882132806086243,-0.473022287637053,0.631778961053199,-0.697080258851073
-1.90818846419836,1.18823016814885,-0.491294598467049,1.57703764549557,-2.3260898210064,1.3759007385244,-1.06268102257179,0.90590084271901,1.7869158411982,-0.724075263440075
-0.312082636248933,-0.8951581122244,1.24105452067422,1.2880309225988,-1.32113362085315,1.79672764688648,0.866917799573783,2.33196458945268,-0.29510817419278,-2.48616973274088
1.25545629209227,-0.803511599382296,0.454485455923647,-1.14031376611142,0.164516205309712,0.340788260373929,-0.381722233269128,-3.15995639387465,0.735876479527297,-0.311631577575154
1.09085338280622,1.03653948523626,-2.758441323597,2.07426730329167,2.29210762281691,-0.899543017038935,1.92507186942315,2.29046374632127,-1.38726753550026,-1.57472323738762
1.51373145785164,-0.904816208765851,-2.02005110409317,2.35884982542387,-3.63778753804099,2.17520109239207,-1.0964472902032,2.00788560526679,-1.838906806479,2.05925743317574
0.269213671085712,0.119821744729763,1.50070184561532,-3.26852352707124,2.5318844067658,-0.61581598009584,-0.311580372764923,0.356966681096742,-0.429558103013063,1.12768818624339
0.362463064930874,-1.68339808847583,3.56306592687123,-0.817501353884437,-1.47277600528072,2.01595713620802,-4.25991088047603,1.99184149126335,-0.258715385736927,0.326112583573627
-0.730546779726098,-0.468811832391715,-0.555247188633226,1.25913546541431,-1.15335918985146,1.78658559559664,-1.33465339000534,2.0457644953401,-2.1341519386599,-0.0933393692273216
0.814840543171713,-1.9754325885164,2.17919448701068,-2.04737966089529,2.37716954355955,0.0685995234044389,-0.780131643677476,0.550461953203592,-1.06318170385885,-0.00566391601801844
2.16170106142301,-2.68683837675594,1.69125676028695,0.71739191155689,-1.38597239302683,1.74352551466067,-3.21079158997554,3.65931342317001,-2.09859044168404,1.35842334519775
0.227871657776534,-0.574792773877947,2.2356949050783,1.24835023002993,-1.91958222450738,-0.323317737493024,-1.34033908423867,1.63263458333036,-1.39043970495528,3.19846281726307
0.664969274785832,-0.496515335525341,-0.147182483766132,0.376988259767565,-1.86141022637449,2.5694910984638,-3.74055976302396,2.50054207174055,-2.24578580302889,0.523219064233778
-0.481285319650861,-0.972785124050613,2.56368161894178,-1.48787652667227,1.83927151095374,-1.28922934086455,-0.82575031550415,3.290243801683,-1.17319877317194,0.0243384448588038
-0.506438055353033,-0.785731757523664,0.0655396772731958,1.12151296962942,-0.957452906753451,0.0586957267290124,0.595304730614447,0.445943149167276,-0.850357311579149,1.238937617907
-1.20029791530009,-0.873802337214582,2.96039597022576,-3.26764889907676,0.675439013876212,0.197321823691045,-1.47005134423051,0.994558981773722,-0.113437973866121,0.532029542612728
-5.06680392652056,5.19046554529588,-4.97925819323401,4.91777026802865,-3.05271611723534,1.61148498256177,-2.8822777240391,4.27779366112353,-3.78923109741876,2.49097537425269
-0.127285728430965,2.85887766148685,-3.8754392266599,4.03678824005198,-5.01007144311784,4.45842774254701,-5.74057971739089,4.84593943614803,-2.4537654309529,1.69094203904799
-1.70233872844581,4.34238272650355,-4.23395782277557,2.86633023892071,-3.04069357577639,3.05928792171232,-2.30527549694013,1.35569494153422,-0.710840957712677,0.189112768297832
0.978580476179124,1.04986999531292,-0.458401376058566,0.915222576049575,0.28725599343075,-0.00727055281796735,-0.373052959717004,0.0146853485969766,0.0818843693051313,-1.58988810443577
-1.75480229883303,0.50364013234785,-0.494338906268746,1.98432619974525,-0.890695074377541,-1.50287162180187,2.7257489576766,-2.56382186673527,1.07996238334992,-2.60799171393934
0.568884551983834,-0.79004652480077,-1.18966920387619,1.57513036923308,-0.0988055227981906,-1.12055111462677,1.60143434638333,-0.275574563769294,1.12686056787911,-0.633570145800353
2.25199233536766,-0.701880577889522,0.163355902530157,-0.471498012088971,1.2407794037275,-2.1148869404626,0.666849744456614,0.811794058494508,0.834093412105276,-0.435931095245544
0.508975573585815,0.546033892669403,-0.457368104802267,2.08919996267456,-3.86409836875807,3.49709728836699,-2.6874295426611,2.16155934476533,-2.34386040535126,2.19483566154613
1.0153628088339,-0.194533647224933,1.39825606225279,-1.55930482626537,-0.373373132615256,0.263180804068022,0.800790632776298,-2.00600005963069,1.61960810692854,-1.05848779700427
0.956280440178434,-0.148519241512103,2.32294660067353,-1.5719126592479,1.4930012314783,0.956079641123413,0.978558411295921,0.122293694007295,0.122720215325101,0.402136345035772
2.80462653375554,-4.12492597465631,1.47041498398103,-0.223580811649539,0.151251514981964,-0.739795923596395,2.23693889833228,-0.0948730877234219,-0.363972414317779,0.964452238783948
-1.6374224117458,-1.53069031775057,2.81859416636261,-4.20279764499336,2.41982576674951,-3.11444543421723,2.63049752269972,0.406538557476772,-0.672796384284144,-0.125287235019335
-0.64932082381202,1.95978124552131,-2.72499064973854,0.172924040794309,0.761045111593431,-1.97982372385596,1.59818379547178,-1.09140739106207,0.995448568275241,0.534956825274496
-0.431010031783138,-2.14985806676419,3.27376851062919,-1.17268006128582,1.4316488280228,-0.959105574431395,3.03097384982444,-3.47241281105809,2.5175742971108,-0.966843729752803
2.47942504238726,-1.90335197719733,1.55879869058709,-1.42144392576209,1.12754659782489,-0.589906498757993,-1.32819614816712,1.00942287055131,-0.858281512217767,0.806703300153906
-0.233632777830445,-0.0329785962389326,-2.01263188095556,-0.434594460647789,1.46274528901686,-1.56120528379263,0.460885013836807,1.42039028436276,-1.03421972047926,2.33881968392498
2.17599500600628,-2.26072700966992,3.61117263776194,-2.54775178627646,2.14953955517203,0.457362116085493,-0.0729232167906486,-1.43844107291848,1.12375371773847,-0.313041431016097
0.793877051471417,-0.957267120917365,1.40754804366415,-1.95365144439005,-0.49897406211151,-0.0388986939778911,0.702481076402303,-0.96286188857987,-0.832184637102761,0.367276914160611
1.76762759792108,1.00543022884542,-0.462984263516719,-0.794805502431844,1.56237338631147,-0.317528707283667,1.10507319338679,0.0101910814974963,-0.0232244309678911,0.145490256728418
-0.986361236802329,0.449582437959571,0.540285093114106,-1.46793578253443,2.14189036641454,-3.99135954888127,1.74282328488795,-2.16637376775363,1.08293445692106,-0.842373709996408
-1.1752465687774,-1.46013669365612,-1.91685223046229,2.14626749272637,-3.06791560515191,0.939245181642384,-0.793223883242571,0.685120723702452,-1.78470084941274,0.0743195786567628
0.134001141705014,-0.357607904937968,1.30155440842388,0.240380421965116,0.776894761761544,-0.838012242543474,0.873022068606956,-1.69781907656985,0.206018687716435,0.03780923392135
-0.834133077421963,1.40983390678687,-1.57210620790469,0.396905300571641,-1.25955936118521,-0.0219219842226256,-1.48352221333009,3.15376239628767,-2.37665662972618,2.07461105529958
-1.52239326571943,2.58401521937064,-0.0848139879784179,0.372784912077824,0.10839150908294,-0.599003208763179,2.38032300877027,-0.914810657733938,-0.177659227114694,-1.26837857289077
-2.36240691358396,2.89018099620254,-2.77030824728632,2.58530091794889,-0.144242407626416,-1.95884880418485,2.47842841614221,-1.12948775139547,2.03773183846584,0.675527644990114
0.865450932985868,-1.90151669370002,-0.199753799803907,-0.333951928450964,-1.38688113739468,1.46000808310442,-2.06149078777027,1.72744342698392,-1.38337440854839,0.827804983642304
-1.91308022502492,-0.235873307944832,0.288423090762013,1.26557676557399,0.71395871835746,-0.2611252506759,-1.83412196643257,0.01863762484651,1.62027143664518,-1.67558274252192
-2.30574584796666,3.43939056943106,-2.65799126753806,2.68274048174735,-3.1333500464595,3.93043689017565,-1.78991844564262,2.38293367354781,0.210952320923967,1.80969711301915
0.263921036297908,1.24337790247537,0.638996307184055,0.172370131397808,-1.7242336484592,1.00413720833428,0.680245714254812,-0.691302700503122,-0.376683923773774,1.6122639279853
-1.10918864729194,-1.18233701586321,2.24302119743854,-2.58876956992898,-0.740590328672021,1.46549427409053,1.01633788404414,-1.36534447094769,-1.2134992445202,0.88658218345351
1.23672118032409,-0.0480424997277415,1.28354710193966,-2.37770498774804,1.46727940085254,-2.38171866209588,3.06661614491466,-1.38910521387229,0.121484820094159,0.158231431851308
-2.14439531369979,4.74107227115468,-3.45934461141967,2.98499673508604,-2.88140351982419,2.56554434307313,-3.2686766686754,1.51024510924321,-0.510824185215722,1.62780510358597
0.757980411703328,0.6368762785646,-2.24441785293517,3.07462902828238,-3.11087769931517,2.46043381148457,-0.275279226946635,0.999792144821045,-1.27438699254162,0.850299525296099
-2.3188759081885,-0.494011841326762,0.526665424611621,-0.10733436961706,-0.478722397369468,-0.526741437566242,-0.274191492189292,-0.988803601203554,0.443923806384411,-1.83684320882865
-2.13547369591601,2.17578385280716,-1.50441401521482,4.85113492117595,-6.45898026501583,6.43196731173356,-4.05224405366742,1.82711790070877,-3.79855336744894,1.42027413163502
0.708292876370889,-2.3577802311566,1.5437830176771,-1.74886497979183,1.93551626438785,-1.18423967433817,0.664682858533,-2.17949687047374,1.79893589671649,-0.543685925209466
-1.8193457785576,0.733694624137877,-0.311044276387061,-2.35969477209957,2.37391157979647,-1.93851813627739,2.0836776025041,-1.02769409814642,0.604090736637062,-0.025478224562802
0.89084643743658,-1.25396880465354,1.35757120560253,-1.90528967708176,-1.66026781229393,2.86768170920072,-2.56705961326102,1.18793083822077,-0.0515587795745026,1.81654101246946
-1.87091750965065,0.680698084889266,0.959699962793815,-2.91877319462112,5.07379626853001,-5.33689627409074,4.03951209710997,-5.86090799724883,3.27975092570659,-2.07211036637848
1.40561834545244,-1.18104095558245,3.08183596134002,-1.97350700007895,1.8142146543684,-2.32002430762952,0.764532622130827,-1.38443461252605,1.47256985201768,-1.23896896808523
-1.36764856776955,2.27524874657282,-2.43054536851621,2.96675070122042,-3.33206472600326,4.04357710571764,-4.76749536751496,3.76438782885516,-1.40853715700584,0.620832069936786
1.02778671727472,-0.299306701053293,2.00529031071758,-1.52737451385296,1.21620060803254,-0.793665701896642,1.16550047606424,-0.556997782404625,-0.527352795004647,1.41561277926057
0.180421384554997,-0.486681575499604,2.25304152862294,-2.12174236914191,2.2189077286734,-0.0201687215766703,-1.04283507018491,0.25495955862338,-1.59424580481082,-0.314837403277826
-0.950316987821841,0.617042867431651,2.80703895312288,-4.36769197390181,5.15349642097408,-1.95230477234956,4.39393020316672,-1.26776531785756,1.62928851180936,-1.30620094037602
-0.153494760293365,1.20801507773831,-3.53804221246111,3.90917114006927,-3.84913776247304,4.33267838988929,-2.81819708143459,2.10008841460758,0.327503918069167,-0.796329743622393
-0.806652762125098,1.24681005548262,-3.05237153215875,2.85841190293167,-4.72469791889611,2.81677245237899,-2.91694488326388,1.67243803164959,-1.48425904584651,1.25534530079762
0.255034216007607,-0.452199069635807,1.16338117583818,-0.79778967466655,1.26775135568809,-2.31859234830318,3.46672915740716,-2.54389420607649,-0.242525654741463,0.601139148479308
2.12344440581435,-3.05977091655342,2.75951887319746,-1.67019220128743,1.27128940239625,-2.44718582407738,1.13030139779293,0.404483487235229,-2.55378343296899,2.16241063805124
1.69509055321331,1.10444132075259,-2.41176030993128,1.25347574216613,1.20608029403687,-0.227387127476288,2.77521299686205,-2.83357155828232,4.04163171719767,0.323086137873458
1.20355050586683,-0.50999696265554,1.61352834104638,-0.161050650683365,0.866242816466049,-0.521135742918303,1.23187072545695,-1.07190076126028,-1.53753522061181,1.78742787899834
-0.966534150396674,-0.716685166931662,0.0992453505024311,-2.16822737058934,1.86610227378483,-3.44712530004379,2.88075772142887,-3.19335117444047,2.9794321496519,-3.07882434480021
-0.293714015371061,-0.627840997920277,0.6313023820413,0.402608031972211,-0.0662866210088203,0.591368188096654,-1.45947220614039,2.19578002214821,-1.24604123194926,0.577300096143406
1.08901461981947,-0.0189033505591025,1.01167477788522,-2.62924325701557,4.95608036400488,-3.80452126524339,2.86493421402518,-1.4963071598037,-0.442691092923016,0.579667493602798
-2.49005140881433,2.32577018515866,-2.36889156975057,3.64509218464298,-3.49990664882451,2.84996917039241,-3.21014578190623,1.45720285023751,-1.14993954384745,1.44200389844777
1.00315769438819,1.44599011360089,-1.42934982453431,-0.0154107217095054,0.807495564877055,-2.52609251392165,1.44161920407772,0.59241898805291,-0.810676194993615,1.81362908562271
-0.24244230807063,1.51522220422846,-1.23517184851439,1.10575099562445,-0.50597846443969,0.745235410240545,-0.548721149045605,-1.48395424450027,0.561229206732613,-0.879592823640593
0.106129603533033,-2.82412894396173,0.317401759535905,-1.85368572930987,3.47171185126347,-4.94941504128718,4.78094691728282,-2.8072022808565,5.01198108890834,-2.81189962549157
-0.889404308367944,0.498351214425033,-2.14992959785431,-0.378884798072798,0.0672393725856201,-1.39978738224664,-1.03485161375513,1.47241800757394,-1.13766049697899,0.913824613511104
