-0.165636113408315
0.0316501762774774
-0.464728112992311
0.0737056764480023
-0.173981094772687
0.359722537929609
-0.209850345370252
0.0471129337469436
0.372503932350807
-2.78533951490122
0.260696765868798
0.228214824187192
-1.97424372028263
-0.338284980818339
-1.30301240186988
0.131694052308467
1.22833628034499
0.612602202541275
0.0429339092540291
0.113805726956133
1.90291947227216
-0.210992682947910
-0.195923308492024
0.901161752651115
-1.39658354859468
0.000953003354222028
-1.32567131142636
0.483700544589975
1.15683509992927
0.434234387402807
0.292186258273347
-0.384208874178671
-0.108647980180643
-1.67811163846062
1.40387467402209
2.44895607805485
-0.268975081120384
-0.462393735947498
1.22720790501797
-0.308423748017107
