-0.0712914324712915
0.156467457717477
-0.239164995854959
0.0220166611495594
0.718383878033641
0.33167889164605
0.52051677968125
0.29244743069025
-2.04331269965738
3.57792011434187
0.179411957509498
-0.921240951428941
-0.534226824646305
-0.0279016987785806
1.29833024521482
0.0729714353054799
-0.335106838644282
-0.045958411359711
0.389042242154976
0.192918841017329
-0.774244154060949
-0.0404114214507205
0.0486612283093388
-0.38430951675542
-0.641378490135529
0.151648780652379
0.86357428573574
0.156734994157413
0.149145553222478
-0.188048997687251
-0.227244325959997
0.455624755326186
0.0836086623620915
0.97153413321735
0.149022511727297
-2.7357176728859
0.288849000326565
0.61857723848785
-2.56689187007558
0.0873632238659097
