-2.61046052259069
2.23915361309309
1.06285084411785
-1.32879185523324
-1.93424126695894
-2.33402429010399
-0.546792467894025
0.481147555300689
-0.563479553651978
0.641467568050026
1.05095585679753
1.28556217431776
2.13839008096968
-0.0717647014682824
-0.37279562688308
0.489762422725287
0.235581449438871
0.749089127998125
0.257143499960376
0.562751740558223
0.117643505004955
3.29455118743108
-1.15445993697673
-0.145756088597878
1.86916291283054
2.58156074605837
1.09765904378097
-0.372892319489978
-2.11084514177156
0.550673483813438
-0.121781272648667
-2.25740811470988
-1.0896449653338
-1.51847436048198
1.16793915392708
1.79435800725452
-1.93073975683561
-1.08063760040295
0.143969441285932
0.0169131988695702
-3.15485310027439
1.96995290510665
0.946766899755805
-1.34210676016788
-0.77375227517416
0.520330574351147
-0.124540246208724
0.916894911575732
1.52299814063435
2.0322050783795
0.400961819005691
1.86559150999108
-2.23976960369361
-0.977723125912994
-2.15043500310178
-2.7262090133289
1.14974928245982
1.39323119679531
0.379321207143092
0.165906150247844
0.585031786345451
-2.11248953400393
-0.293215087420956
-2.30107733653222
0.368603010902284
2.92536512008863
-0.77961475499734
2.60456607824088
0.0300218470102587
2.30144187143033
-0.350338464030155
0.150269374144854
1.23999699523761
-1.34244194123185
-0.278219646362617
-0.00372726836711518
-2.3123901202425
-2.46774045066241
-0.0938411456399589
1.4976642715697
-1.82596900955001
1.23144707968566
-1.35783962258343
-0.0408812751713043
-0.652635748653177
-0.398121212411281
1.51460331470245
-0.869171728452464
1.99619279530191
-2.1897805839338
2.15525531533186
0.388190624530817
-1.27870981823883
-2.60144332475897
-1.61585396370395
0.377308619548116
-0.638393550998671
2.29908545086915
0.852364309323408
1.22867040454932
